0 0
500 73411
1000 147393
1500 266818
2000 286354
2500 303641
3000 525561
3500 545609
4000 563107
4500 580231
5000 597320
5500 1017080
6000 1037126
6500 1054536
7000 1071771
7500 1089078
8000 1106341
8500 1123473
9000 1140639
9500 1157874
10000 1175127
10500 1192350
11000 2071901
11500 2093586
12000 2111178
12500 2128462
13000 2145657
13500 2162891
14000 2180816
14500 2198073
15000 2215320
15500 2232459
16000 2249599
16500 2266757
17000 2283956
17500 2301123
18000 2318385
18500 2335596
19000 2352810
19500 2370023
20000 2387202
20500 2404437
21000 2421550
21500 2438647
22000 4097513
22500 4119197
23000 4136512
23500 4153646
24000 4170832
24500 4187974
25000 4205122
25500 4222270
26000 4239505
26500 4256646
27000 4273840
27500 4291008
28000 4308214
28500 4325345
29000 4342512
29500 4359864
30000 4377399
30500 4394633
31000 4411768
31500 4428882
32000 4446159
32500 4463353
33000 4480573
33500 4497700
34000 4514960
34500 4532212
35000 4549330
35500 4566449
36000 4583591
36500 4600758
37000 4617862
37500 4634928
38000 4652147
38500 4669317
39000 4686496
39500 4703607
40000 4720889
40500 4737996
41000 4755410
41500 4772474
42000 4789663
42500 4806883
43000 4823976
43500 4841146
44000 8039984
44500 8069759
45000 8087533
45500 8104828
46000 8122074
46500 8139256
47000 8156380
47500 8173545
48000 8190744
48500 8207927
49000 8225082
49500 8242239
50000 8259352
50500 8276614
51000 8294155
51500 8311604
52000 8329217
52500 8346417
53000 8363598
53500 8380866
54000 8398121
54500 8415256
55000 8432413
55500 8449523
56000 8466710
56500 8484067
57000 8501162
57500 8518330
58000 8535543
58500 8552742
59000 8569909
59500 8587037
60000 8604354
60500 8621623
61000 8638793
61500 8655957
62000 8673274
62500 8690460
63000 8707731
63500 8725050
64000 8742288
64500 8759368
65000 8776625
65500 8793785
66000 8811032
66500 8828270
67000 8845453
67500 8862615
68000 8879815
68500 8896985
69000 8914115
69500 8931280
70000 8948478
70500 8965660
71000 8982819
71500 8999912
72000 9017157
72500 9034527
73000 9051776
73500 9068912
74000 9086241
74500 9103495
75000 9120693
75500 9137912
76000 9155110
76500 9172353
77000 9189425
77500 9206568
78000 9223779
78500 9240952
79000 9258125
79500 9275346
80000 9292557
80500 9309765
81000 9326963
81500 9344234
82000 9361458
82500 9378853
83000 9396042
83500 9413202
84000 9430408
84500 9447671
85000 9464848
85500 9481950
86000 9499296
86500 9516567
87000 9533841
87500 9551011
88000 17255043
88500 17288993
89000 17306613
89500 17323934
90000 17341332
90500 17358579
91000 17375897
91500 17393205
92000 17410459
92500 17427716
93000 17444950
93500 17462267
94000 17479497
94500 17496776
95000 17514171
95500 17532153
96000 17549698
96500 17567251
97000 17584976
97500 17602287
98000 17619635
98500 17636910
99000 17654219
99500 17671533
99999 17688739
