0 0
500 64265
1000 139851
1500 208243
2000 274794
2500 344813
3000 411800
3500 485322
4000 551049
4500 618268
5000 689149
5500 756485
6000 824858
6500 894383
7000 960712
7500 1030123
8000 1097162
8500 1178670
9000 1247024
9500 1315457
10000 1381106
10500 1450631
11000 1519426
11500 1584097
12000 1655490
12500 1723654
13000 1793636
13500 1862860
14000 1930326
14500 1999891
15000 2068363
15500 2140431
16000 2207367
16500 2273125
17000 2341612
17500 2411413
18000 2482859
18500 2547612
19000 2614822
19500 2684062
20000 2751534
20500 2823359
21000 2893227
21500 2962132
22000 3028276
22500 3095238
23000 3163448
23500 3237014
24000 3306431
24500 3373829
25000 3442606
25500 3508861
26000 3581626
26500 3649810
27000 3716388
27500 3785030
28000 3852266
28500 3919060
29000 3993466
29500 4061152
30000 4130305
30500 4197994
31000 4267477
31500 4346163
32000 4412127
32500 4478838
33000 4545841
33500 4614747
34000 4683742
34500 4754653
35000 4823780
35500 4891199
36000 4957850
36500 5025661
37000 5097548
37500 5181342
38000 5244222
38500 5313690
39000 5379679
39500 5448713
40000 5518856
40500 5585790
41000 5653761
41500 5720606
42000 5792464
42500 5860544
43000 5932925
43500 5999693
44000 6067588
44500 6140208
45000 6206621
45500 6274206
46000 6344211
46500 6413342
47000 6478209
47500 6548594
48000 6617872
48500 6688765
49000 6757493
49500 6825470
50000 6895850
50500 6919552
51000 6968583
51500 6992495
52000 7013675
52500 7034840
53000 7055453
53500 7076536
54000 7097385
54500 7118503
55000 7139683
55500 7160764
56000 7181714
56500 7202167
57000 7223308
57500 7244158
58000 7265765
58500 7287017
59000 7308039
59500 7328766
60000 7349767
60500 7370926
61000 7392376
61500 7414610
62000 7436029
62500 7457573
63000 7479547
63500 7501362
64000 7522759
64500 7544614
65000 7565773
65500 7587266
66000 7608609
66500 7631428
67000 7652784
67500 7674498
68000 7696399
68500 7718318
69000 7740328
69500 7762198
70000 7784776
70500 7805933
71000 7826781
71500 7847949
72000 7869864
72500 7891770
73000 7913464
73500 7934620
74000 7956090
74500 7977736
75000 7998903
75500 8020398
76000 8042043
76500 8062950
77000 8084098
77500 8105044
78000 8126225
78500 8147270
79000 8169083
79500 8190196
80000 8211412
80500 8232494
81000 8254609
81500 8276261
82000 8297295
82500 8318652
83000 8339996
83500 8361492
84000 8382813
84500 8403869
85000 8424857
85500 8445912
86000 8467163
86500 8488486
87000 8510050
87500 8531592
88000 8553013
88500 8574756
89000 8596950
89500 8618810
90000 8640659
90500 8661643
91000 8683004
91500 8704753
92000 8726176
92500 8747305
93000 8768949
93500 8789924
94000 8811383
94500 8832571
95000 8853442
95500 8874652
96000 8895898
96500 8916668
97000 8937529
97500 8958577
98000 8980640
98500 9002467
99000 9023884
99500 9045231
99998 9066327
