0 0
500 26518
1000 50010
1500 79299
2000 95179
2500 138742
3000 156642
3500 173448
4000 189077
4500 247938
5000 265165
5500 283033
6000 299695
6500 316247
7000 332245
7500 347972
8000 363982
8500 464369
9000 482973
9500 499589
10000 515775
10500 531704
11000 548349
11500 564764
12000 582608
12500 598877
13000 615317
13500 631134
14000 647367
14500 663712
15000 679707
15500 698498
16000 715734
16500 893638
17000 913674
17500 930668
18000 947530
18500 964072
19000 978562
19500 994301
20000 1011072
20500 1027707
21000 1044342
21500 1061262
22000 1077617
22500 1094244
23000 1111967
23500 1128415
24000 1145720
24500 1162545
25000 1178729
25500 1194387
26000 1210531
26500 1226624
27000 1242592
27500 1259366
28000 1276034
28500 1292496
29000 1308243
29500 1324389
30000 1338854
30500 1354857
31000 1373590
31500 1391004
32000 1407897
32500 1423494
33000 1756414
33500 1776043
34000 1792292
34500 1809201
35000 1825627
35500 1842282
36000 1858468
36500 1874213
37000 1890128
37500 1906014
38000 1924677
38500 1940940
39000 1957526
39500 1973273
40000 1989933
40500 2035274
41000 2053897
41500 2072243
42000 2088988
42500 2105076
43000 2121510
43500 2137476
44000 2153672
44500 2169631
45000 2187095
45500 2203611
46000 2221952
46500 2238978
47000 2254910
47500 2271443
48000 2287922
48500 2304902
49000 2321333
49500 2337159
50000 2353325
50500 2385508
51000 2417400
51500 2449309
52000 2481281
52500 2513495
53000 2545136
53500 2577123
54000 2608826
54500 2640313
55000 2671821
55500 2703393
56000 2734988
56500 2766682
57000 2799034
57500 2830542
58000 2862250
58500 2893961
59000 2926072
59500 2957808
60000 2989455
60500 3020979
61000 3052669
61500 3084359
62000 3116016
62500 3147826
63000 3180004
63500 3211689
64000 3243474
64500 3275223
65000 3307173
65500 3338848
66000 3370599
66500 3402134
67000 3433777
67500 3465325
68000 3497071
68500 3529142
69000 3560983
69500 3593153
70000 3624881
70500 3656516
71000 3688178
71500 3719928
72000 3754993
72500 3791807
73000 3828816
73500 3860595
74000 3892444
74500 3924240
75000 3955743
75500 3987402
76000 4019179
76500 4050739
77000 4082853
77500 4114500
78000 4146214
78500 4177810
79000 4209218
79500 4240817
80000 4272476
80500 4303966
81000 4340354
81500 4377342
82000 4414175
82500 4451116
83000 4487205
83500 4524135
84000 4561250
84500 4598000
85000 4634641
85500 4671425
86000 4708518
86500 4745473
87000 4782480
87500 4818126
88000 4855038
88500 4891814
89000 4928639
89500 4965488
90000 5002574
90500 5039280
91000 5076265
91500 5113065
92000 5148372
92500 5182067
93000 5213794
93500 5245569
94000 5277308
94500 5309455
95000 5341307
95500 5373130
96000 5404839
96500 5436542
97000 5468158
97500 5502827
98000 5539220
98500 5576016
99000 5612982
99500 5649927
99998 5686757
