0 0
500 29110
1000 57164
1500 83990
2000 109999
2500 135935
3000 170952
3500 203826
4000 236734
4500 267680
5000 300333
5500 333635
6000 365892
6500 399173
7000 431919
7500 465152
8000 496728
8500 531031
9000 563850
9500 596383
10000 629499
10500 661872
11000 695007
11500 727508
12000 760327
12500 793442
13000 825897
13500 859411
14000 893974
14500 926792
15000 957743
15500 989544
16000 1021932
16500 1053798
17000 1088175
17500 1120168
18000 1152608
18500 1183508
19000 1215148
19500 1248517
20000 1281483
20500 1314229
21000 1346101
21500 1377772
22000 1410358
22500 1443056
23000 1475807
23500 1507633
24000 1540191
24500 1572135
25000 1605248
25500 1637982
26000 1670119
26500 1702631
27000 1734669
27500 1767530
28000 1801872
28500 1834128
29000 1866487
29500 1897527
30000 1931918
30500 1964634
31000 1998094
31500 2031470
32000 2063813
32500 2098315
33000 2129877
33500 2162906
34000 2197574
34500 2230062
35000 2263181
35500 2297412
36000 2330685
36500 2363379
37000 2395899
37500 2428808
38000 2462893
38500 2496311
39000 2528947
39500 2562977
40000 2594889
40500 2628914
41000 2661927
41500 2694528
42000 2728142
42500 2762004
43000 2795014
43500 2828805
44000 2861217
44500 2894215
45000 2927737
45500 2960855
46000 2994762
46500 3027307
47000 3059400
47500 3091967
48000 3125975
48500 3160463
49000 3193035
49500 3226096
50000 3258539
50500 99752803
51000 195209364
51500 290186990
52000 383865969
52500 476411359
53000 567902836
53500 658356067
54000 747820041
54500 836925346
55000 924444684
55500 1011266781
56000 1096788857
56500 1181368647
57000 1264855999
57500 1347665792
58000 1429094773
58500 1509550154
59000 1589017060
59500 1667524532
60000 1745070968
60500 1822072662
61000 1897707249
61500 1972346055
62000 2046037861
62500 2118707154
63000 2190456267
63500 2261212734
64000 2331407965
64500 2400192769
65000 2467991792
65500 2534799510
66000 2600666169
66500 2665539852
67000 2729457064
67500 2792453899
68000 2854894230
68500 2916111346
69000 2976418706
69500 3035633556
70000 3093790958
70500 3151020475
71000 3207247229
71500 3262518233
72000 3317238613
72500 3370588696
73000 3422972859
73500 3474456170
74000 3524925083
74500 3574433085
75000 3622980062
75500 3670570788
76000 3717203076
76500 3762876460
77000 3807590455
77500 3851760707
78000 3894549880
78500 3936400988
79000 3977317312
79500 4017297120
80000 4056251617
80500 4094245477
81000 4131321567
81500 4167395234
82000 4202520815
82500 4236686304
83000 4269878679
83500 4302269516
84000 4333997992
84500 4364407555
85000 4393906641
85500 4422427122
86000 4449868327
86500 4476396573
87000 4501916095
87500 4526476947
88000 4550079114
88500 4572728358
89000 4594405360
89500 4615118848
90000 4634879199
90500 4653679333
91000 4671532215
91500 4688417398
92000 4704342162
92500 4719289019
93000 4733257126
93500 4746035189
94000 4757546714
94500 4768121662
95000 4777755090
95500 4786404064
96000 4793987810
96500 4800450089
97000 4805999095
97500 4810680054
98000 4814515241
98500 4817916839
99000 4820059839
99500 4821173541
100000 4821437004
