0 0
500 604028
1000 3117412
1500 7869188
2000 14501279
2500 23021581
3000 33433272
3500 45736437
4000 59920771
4500 76198184
5000 94553184
5500 115065156
6000 137848175
6500 163332834
7000 190673339
7500 220059441
8000 251505885
8500 285016849
9000 320604741
9500 358228976
10000 397873396
10500 439454021
11000 483061499
11500 528695182
12000 576341750
12500 626006543
13000 678105267
13500 731806273
14000 787599134
14500 845353342
15000 905110804
15500 966903008
16000 1030712507
16500 1096537963
17000 1164805618
17500 1234681068
18000 1306575339
18500 1380474169
19000 1456425594
19500 1534395163
20000 1614365348
20500 1696738085
21000 1780755540
21500 1866804452
22000 1954904111
22500 2044958220
23000 2137298358
23500 2231917760
24000 2328282283
24500 2426790064
25000 2527366997
25500 2629841191
26000 2734578442
26500 2840889291
27000 2949188170
27500 3059665255
28000 3171982758
28500 3286755602
29000 3403142286
29500 3521540015
30000 3641929510
30500 3764762178
31000 3889176594
31500 4015617345
32000 4144080654
32500 4274998429
33000 4407566317
33500 4542198641
34000 4678854445
34500 4817983796
35000 4958700958
35500 5101500227
36000 5246784222
36500 5393825200
37000 5543007302
37500 5694497982
38000 5847652289
38500 6002838948
39000 6159966917
39500 6319530453
40000 6480687902
40500 6643879608
41000 6809512303
41500 6976745741
42000 7146132632
42500 7317980334
43000 7491475065
43500 7666983642
44000 7845072032
44500 8024774851
45000 8206576996
45500 8390900295
46000 8576965478
46500 8765536332
47000 8955702733
47500 9147981154
48000 9342782710
48500 9539243555
49000 9738219038
49500 9939018592
50000 10141563059
50500 10193928669
51000 10244885460
51500 10294812672
52000 10345257931
52500 10395191321
53000 10446383300
53500 10495448902
54000 10545517238
54500 10597398327
55000 10648174494
55500 10699443278
56000 10747941589
56500 10797538308
57000 10845850441
57500 10894177072
58000 10945486424
58500 10995269968
59000 11044744026
59500 11094205806
60000 11143577335
60500 11194892838
61000 11246909786
61500 11296252417
62000 11344362689
62500 11395179459
63000 11443116848
63500 11490989959
64000 11540211495
64500 11590349858
65000 11642165646
65500 11692406990
66000 11741882380
66500 11791052689
67000 11841403120
67500 11891428441
68000 11940249585
68500 11989994206
69000 12039032250
69500 12089680885
70000 12140382363
70500 12191709767
71000 12241006580
71500 12290546309
72000 12341883806
72500 12391827636
73000 12441495239
73500 12490387095
74000 12539050100
74500 12590686223
75000 12641104792
75500 12693418425
76000 12743345830
76500 12793882096
77000 12844523670
77500 12894836976
78000 12947609687
78500 13000599480
79000 13051948673
79500 13103652340
80000 13152402956
80500 13204083554
81000 13255837654
81500 13305689752
82000 13355189811
82500 13405016988
83000 13455310841
83500 13506589988
84000 13554936152
84500 13602322575
85000 13649833182
85500 13701897145
86000 13753288861
86500 13803030447
87000 13852444852
87500 13903056703
88000 13954533239
88500 14003734604
89000 14053229559
89500 14104267421
90000 14151781743
90500 14201927913
91000 14253392883
91500 14302986817
92000 14354400814
92500 14403265618
93000 14451928647
93500 14501785592
94000 14551116668
94500 14601892001
95000 14652712277
95500 14702345327
96000 14752052791
96500 14802907233
97000 14854588098
97500 14903858361
98000 14955238805
98500 15005313174
