0 0
500 109026
1000 195627
1500 292256
2000 389456
2500 494502
3000 600441
3500 706899
4000 812567
4500 930300
5000 1050786
5500 1172024
6000 1299426
6500 1421892
7000 1542748
7500 1663738
8000 1785232
8500 1917376
9000 2056039
9500 2195220
10000 2334561
10500 2473882
11000 2612605
11500 2750985
12000 2890161
12500 3029392
13000 3168207
13500 3306958
14000 3445804
14500 3585224
15000 3723662
15500 3862608
16000 4007807
16500 4164070
17000 4334550
17500 4507923
18000 4679186
18500 4855004
19000 5028008
19500 5200936
20000 5378990
20500 5553057
21000 5727828
21500 5902594
22000 6075930
22500 6248437
23000 6423420
23500 6597504
24000 6769083
24500 6941525
25000 7113668
25500 7288095
26000 7460936
26500 7634235
27000 7807512
27500 7981249
28000 8154463
28500 8327319
29000 8501693
29500 8684171
30000 8864516
30500 9035841
31000 9208822
31500 9393180
32000 9569814
32500 9742907
33000 9926552
33500 10129185
34000 10328636
34500 10529485
35000 10729014
35500 10929246
36000 11128572
36500 11329202
37000 11529819
37500 11730623
38000 11930258
38500 12129154
39000 12330292
39500 12529218
40000 12730026
40500 12931344
41000 13133227
41500 13363644
42000 13601517
42500 13828315
43000 14064998
43500 14289426
44000 14527625
44500 14754462
45000 14990929
45500 15218028
46000 15455258
46500 15681473
47000 15916540
47500 16145393
48000 16378892
48500 16609399
49000 16833347
49500 17085450
50000 17338635
50500 17501334
51000 17660491
51500 17816558
52000 17972418
52500 18130553
53000 18287302
53500 18442140
54000 18596745
54500 18750024
55000 18904045
55500 19058647
56000 19212433
56500 19367082
57000 19520308
57500 19672217
58000 19827432
58500 19982268
59000 20137355
59500 20290703
60000 20448554
60500 20610941
61000 20768439
61500 20922137
62000 21077471
62500 21233181
63000 21391013
63500 21546183
64000 21700099
64500 21853781
65000 22005371
65500 22159787
66000 22315345
66500 22468531
67000 22621356
67500 22775958
68000 22931196
68500 23086243
69000 23239469
69500 23393062
70000 23548037
70500 23703110
71000 23858286
71500 24014106
72000 24168516
72500 24323407
73000 24474901
73500 24629308
74000 24782290
74500 24935129
75000 25089140
75500 25244229
76000 25405691
76500 25558932
77000 25711414
77500 25865173
78000 26020795
78500 26174703
79000 26327680
79500 26482103
80000 26635171
80500 26789834
81000 26941800
81500 27095681
82000 27248790
82500 27402195
83000 27556529
83500 27712226
84000 27865789
84500 28019240
85000 28171005
85500 28323179
86000 28476618
86500 28631530
87000 28784369
87500 28938054
88000 29089054
88500 29242364
89000 29400081
89500 29556566
90000 29710744
90500 29861380
91000 30016043
91500 30170492
92000 30322906
92500 30474751
93000 30628059
93500 30782397
94000 30936308
94500 31089555
95000 31243425
95500 31398506
96000 31553047
96500 31705808
97000 31858126
97500 32012718
98000 32163997
98500 32318807
99000 32473742
99500 32628992
99998 32780633
