0 0
500 68025
1000 106588
1500 143707
2000 180209
2500 221966
3000 259770
3500 296760
4000 333121
4500 369330
5000 405884
5500 443616
6000 481657
6500 517832
7000 554414
7500 591790
8000 627980
8500 665265
9000 701895
9500 742368
10000 778533
10500 814888
11000 852242
11500 889808
12000 928528
12500 972845
13000 1011238
13500 1048399
14000 1086848
14500 1127380
15000 1164077
15500 1201548
16000 1237059
16500 1273968
17000 1312571
17500 1352071
18000 1388819
18500 1424297
19000 1460624
19500 1496563
20000 1536187
20500 1573139
21000 1607873
21500 1644339
22000 1681530
22500 1721363
23000 1758842
23500 1795976
24000 1832096
24500 1868529
25000 1909359
25500 1946963
26000 1983313
26500 2019616
27000 2056349
27500 2093362
28000 2133621
28500 2173995
29000 2211325
29500 2247834
30000 2283822
30500 2323067
31000 2361778
31500 2398855
32000 2435525
32500 2472917
33000 2511576
33500 2548412
34000 2585547
34500 2621289
35000 2657006
35500 2692819
36000 2733095
36500 2771258
37000 2807444
37500 2843989
38000 2879892
38500 2919405
39000 2956697
39500 2995279
40000 3032991
40500 3068960
41000 3109904
41500 3146537
42000 3184953
42500 3221542
43000 3258744
43500 3296101
44000 3331619
44500 3369202
45000 3406733
45500 3444135
46000 3481001
46500 3521378
47000 3557960
47500 3595510
48000 3632079
48500 3668606
49000 3708085
49500 3743997
50000 3813809
50500 4588741
51000 4753905
51500 4909166
52000 5074716
52500 5236273
53000 5393814
53500 5554043
54000 5714125
54500 5870732
55000 6030768
55500 6186196
56000 6344023
56500 6503403
57000 6660372
57500 6815038
58000 6972087
58500 7126967
59000 7296553
59500 7454379
60000 7611965
60500 7771804
61000 7929973
61500 8087385
62000 8247217
62500 8405823
63000 8563711
63500 8718699
64000 8878296
64500 9041993
65000 9204093
65500 9362607
66000 9524004
66500 9683235
67000 9839197
67500 9998890
68000 10160483
68500 10321508
69000 10477504
69500 10635998
70000 10795557
70500 10953297
71000 11110724
71500 11273539
72000 11434058
72500 11591089
73000 11750428
73500 11907869
74000 12063543
74500 12222904
75000 12379542
75500 12539690
76000 12701312
76500 12859549
77000 13022568
77500 13182841
78000 13340584
78500 13496513
79000 13654758
79500 13811578
80000 13971585
80500 14131715
81000 14289903
81500 14447969
82000 14604492
82500 14764930
83000 14923375
83500 15082450
84000 15239957
84500 15399719
85000 15555394
85500 15711911
86000 15870050
86500 16026718
87000 16186291
87500 16344994
88000 16503776
88500 16662237
89000 16825320
89500 16989439
90000 17146926
90500 17303609
91000 17463057
91500 17620592
92000 17779880
92500 17941153
93000 18100461
93500 18258760
94000 18418615
94500 18577704
95000 18736996
95500 18895574
96000 19054930
96500 19212154
97000 19370444
97500 19530966
98000 19688507
98500 19845071
99000 20001494
99500 20162347
99998 20321928
