0 0
500 50293
1000 90551
1500 129872
2000 168054
2500 206662
3000 243358
3500 283739
4000 322529
4500 361211
5000 400688
5500 439251
6000 480307
6500 518919
7000 558334
7500 598629
8000 638343
8500 678689
9000 722457
9500 763887
10000 803296
10500 843990
11000 884844
11500 925883
12000 971577
12500 1013843
13000 1056240
13500 1096763
14000 1138573
14500 1185298
15000 1227919
15500 1271029
16000 1313496
16500 1355630
17000 1400949
17500 1444153
18000 1489007
18500 1532345
19000 1575901
19500 1621864
20000 1666594
20500 1711206
21000 1754221
21500 1798716
22000 1842585
22500 1888866
23000 1935086
23500 1979454
24000 2023922
24500 2067024
25000 2114422
25500 2158691
26000 2204690
26500 2250540
27000 2295113
27500 2342977
28000 2386411
28500 2432377
29000 2478627
29500 2523708
30000 2569893
30500 2617137
31000 2662926
31500 2708433
32000 2754159
32500 2799790
33000 2847114
33500 2882102
34000 2894195
34500 2905209
35000 2915970
35500 2926824
36000 2936695
36500 2946646
37000 2956605
37500 2966478
38000 2976413
38500 2986362
39000 2996317
39500 3006244
40000 3016189
40500 3026144
41000 3036112
41500 3046040
42000 3055924
42500 3065871
43000 3075712
43500 3085586
44000 3095522
44500 3105468
45000 3115429
45500 3125351
46000 3135249
46500 3145170
47000 3155138
47500 3165073
48000 3174957
48500 3184909
49000 3194835
49500 3204766
50000 3214650
50500 3224611
51000 3234487
51500 3244349
52000 3254291
52500 3264300
53000 3275085
53500 3285351
54000 3295988
54500 3306727
55000 3316887
55500 3326807
56000 3336737
56500 3346683
57000 3356576
57500 3366451
58000 3376384
58500 3386327
59000 3396223
59500 3406173
60000 3416099
60500 3425997
61000 3435952
61500 3445870
62000 3455800
62500 3465742
63000 3475643
63500 3485511
64000 3495439
64500 3505317
65000 3515246
65500 3525114
66000 3535040
66500 3544976
67000 3568495
67500 3599220
68000 3628199
68500 3656388
69000 3685021
69500 3713158
70000 3741619
70500 3769747
71000 3798710
71500 3827356
72000 3855605
72500 3938017
73000 3968626
73500 3997122
74000 4025724
74500 4054432
75000 4082505
75500 4110509
76000 4139510
76500 4167903
77000 4196809
77500 4224261
78000 4251933
78500 4280292
79000 4308780
79500 4337848
80000 4366675
80500 4395364
81000 4423306
81500 4452115
82000 4480476
82500 4508651
83000 4537096
83500 4565576
84000 4593993
84500 4622686
85000 4651546
85500 4680371
86000 4708286
86500 4736635
87000 4764955
87500 4793758
88000 4821414
88500 4850299
89000 4879403
89500 4908699
90000 4936721
90500 4965318
91000 4994337
91500 5023155
92000 5051393
92500 5080014
93000 5107642
93500 5136445
94000 5164908
94500 5193663
95000 5221988
95500 5250815
96000 5279813
96500 5308668
97000 5338197
97500 5367547
98000 5395742
98500 5424239
99000 5453367
99500 5482042
100000 5511115
100002 5513020
