0 0
500 94895
1000 161738
1500 279826
2000 299377
2500 316813
3000 535515
3500 555151
4000 572714
4500 590278
5000 607956
5500 1036357
6000 1056680
6500 1074040
7000 1091299
7500 1108495
8000 1125700
8500 1142959
9000 1160316
9500 1177516
10000 1194809
10500 1212034
11000 2042455
11500 2063147
12000 2080665
12500 2097812
13000 2115074
13500 2132512
14000 2150503
14500 2167727
15000 2184994
15500 2202131
16000 2219242
16500 2243530
17000 2262774
17500 2280166
18000 2297576
18500 2314947
19000 2332187
19500 2349378
20000 2366639
20500 2383912
21000 2401045
21500 2418230
22000 4092327
22500 4114099
23000 4131476
23500 4148842
24000 4166048
24500 4183409
25000 4200740
25500 4217944
26000 4235093
26500 4252233
27000 4269411
27500 4286671
28000 4303854
28500 4320989
29000 4338098
29500 4355197
30000 4372453
30500 4389606
31000 4406808
31500 4423987
32000 4441240
32500 4458415
33000 4475663
33500 4492781
34000 4510004
34500 4527174
35000 4544373
35500 4561513
36000 4578615
36500 4595731
37000 4612860
37500 4629987
38000 4647130
38500 4664376
39000 4681857
39500 4699358
40000 4716582
40500 4733812
41000 4750951
41500 4768093
42000 4785266
42500 4802391
43000 4819434
43500 4836525
44000 8055211
44500 8084790
45000 8102558
45500 8119957
46000 8137301
46500 8154603
47000 8171816
47500 8189040
48000 8206281
48500 8223609
49000 8240950
49500 8258236
50000 8275527
50500 8293278
51000 8311329
51500 8328735
52000 8345945
52500 8363096
53000 8380216
53500 8397142
54000 8414219
54500 8431111
55000 8447989
55500 8464838
56000 8481612
56500 8498344
57000 8515385
57500 8532346
58000 8549153
58500 8565767
59000 8582826
59500 8599806
60000 8616799
60500 8633733
61000 8650481
61500 8667270
62000 8684388
62500 8701118
63000 8717623
63500 8734677
64000 8751642
64500 8768392
65000 8784959
65500 8801561
66000 8818211
66500 8834729
67000 8851333
67500 8867947
68000 8884664
68500 8901635
69000 8918353
69500 8934996
70000 8951638
70500 8968213
71000 8984669
71500 9001076
72000 9017743
72500 9034634
73000 9051057
73500 9067807
74000 9084581
74500 9101269
75000 9117888
75500 9134613
76000 9151341
76500 9167871
77000 9184480
77500 9201161
78000 9217701
78500 9234568
79000 9251298
79500 9267930
80000 9284719
80500 9301521
81000 9318029
81500 9334721
82000 9351222
82500 9367819
83000 9384406
83500 9401009
84000 9417526
84500 9434018
85000 9450610
85500 9467046
86000 9483533
86500 9500105
87000 9516602
87500 9533185
88000 9549751
88500 9566263
89000 9582705
89500 9599316
90000 9615972
90500 9632747
91000 9649300
91500 9666037
92000 9682544
92500 9699206
93000 9715952
93500 9732469
94000 9749077
94500 9765791
95000 9782230
95500 9798744
96000 9815330
96500 9832163
97000 9848711
97500 9865309
98000 9881892
98500 9898415
99000 9914859
99500 9931329
99998 9947869
