0 0
500 55212
1000 92342
1500 126082
2000 158476
2500 191477
3000 223711
3500 257904
4000 292000
4500 324705
5000 357558
5500 389831
6000 422666
6500 458718
7000 491229
7500 523257
8000 556004
8500 589000
9000 622391
9500 658052
10000 690617
10500 722844
11000 755780
11500 786950
12000 823427
12500 855964
13000 888215
13500 921069
14000 953676
14500 988830
15000 1021025
15500 1054077
16000 1086253
16500 1118370
17000 1153693
17500 1186893
18000 1219902
18500 1252463
19000 1285130
19500 1318226
20000 1352857
20500 1386851
21000 1419411
21500 1452064
22000 1483262
22500 1518223
23000 1551393
23500 1584663
24000 1617719
24500 1649897
25000 1685141
25500 1716410
26000 1749527
26500 1782671
27000 1814901
27500 1848089
28000 1883387
28500 1915576
29000 1948362
29500 1981015
30000 2013868
30500 2048614
31000 2081607
31500 2114795
32000 2147154
32500 2178917
33000 2213773
33500 2247005
34000 2279195
34500 2312456
35000 2345477
35500 2380382
36000 2420043
36500 2453936
37000 2486926
37500 2520895
38000 2553337
38500 2588812
39000 2621164
39500 2653269
40000 2686834
40500 2719463
41000 2754740
41500 2787084
42000 2819963
42500 2852362
43000 2886300
43500 2919801
44000 2951802
44500 2984561
45000 3016766
45500 3049944
46000 3083382
46500 3117999
47000 3149318
47500 3181572
48000 3214459
48500 3247934
49000 3282776
49500 3315194
50000 3347359
50500 100077043
51000 195387664
51500 289686333
52000 383036001
52500 475393833
53000 566708300
53500 657447825
54000 746748833
54500 835039056
55000 922320322
55500 1008618695
56000 1094343916
56500 1178662139
57000 1261930878
57500 1344379123
58000 1425773004
58500 1506147589
59000 1585848333
59500 1664169166
60000 1741583278
60500 1818020525
61000 1893462379
61500 1967996005
62000 2041517867
62500 2114496529
63000 2186145242
63500 2256788328
64000 2326472030
64500 2395229551
65000 2463000873
65500 2529802175
66000 2596046255
66500 2660887104
67000 2724820366
67500 2787756049
68000 2849723957
68500 2910783760
69000 2970831292
69500 3029916189
70000 3088042328
70500 3145672220
71000 3201894309
71500 3257146246
72000 3311434815
72500 3364758514
73000 3417176530
73500 3468630297
74000 3519126436
74500 3568626088
75000 3617601855
75500 3665189736
76000 3711849430
76500 3757506342
77000 3802235986
77500 3845976300
78000 3888793804
78500 3930615652
79000 3971510057
79500 4011413325
80000 4050346780
80500 4088362356
81000 4125795360
81500 4161860351
82000 4196964495
82500 4231109362
83000 4264290986
83500 4296520184
84000 4327785486
84500 4358091251
85000 4387437443
85500 4415824917
86000 4443274745
86500 4469746133
87000 4495276071
87500 4519832484
88000 4543420313
88500 4566041436
89000 4587697501
89500 4608765903
90000 4628472508
90500 4647220483
91000 4664904893
91500 4681530954
92000 4697199060
92500 4711894151
93000 4725495052
93500 4738006256
94000 4749602510
94500 4760264330
95000 4769949433
95500 4778660216
96000 4786337366
96500 4793022527
97000 4798591697
97500 4803266370
98000 4807095930
98500 4810073174
99000 4812205117
99500 4813317640
100000 4813580384
