0 0
500 33397
1000 58754
1500 77019
2000 85527
2500 108779
3000 118725
3500 127958
4000 136009
4500 173360
5000 183780
5500 192998
6000 202843
6500 211945
7000 220971
7500 229924
8000 239016
8500 302486
9000 314988
9500 324372
10000 333442
10500 342617
11000 351638
11500 361028
12000 371110
12500 380362
13000 389457
13500 398584
14000 407694
14500 416666
15000 424573
15500 434216
16000 443359
16500 566534
17000 581238
17500 590390
18000 599521
18500 608479
19000 617457
19500 626374
20000 635553
20500 645116
21000 654160
21500 663116
22000 672308
22500 681197
23000 690026
23500 698956
24000 708585
24500 718786
25000 727804
25500 735779
26000 744819
26500 753927
27000 762977
27500 771852
28000 781439
28500 790472
29000 799842
29500 809438
30000 818391
30500 827605
31000 836694
31500 846262
32000 855505
32500 865835
33000 1091182
33500 1104114
34000 1113452
34500 1123229
35000 1132379
35500 1141422
36000 1150530
36500 1158549
37000 1167629
37500 1176636
38000 1186281
38500 1195268
39000 1204272
39500 1214406
40000 1223959
40500 1233388
41000 1242436
41500 1252122
42000 1261181
42500 1270256
43000 1279248
43500 1288270
44000 1297227
44500 1306275
45000 1315997
45500 1325129
46000 1334139
46500 1343021
47000 1350884
47500 1361000
48000 1369992
48500 1378964
49000 1388490
49500 1397598
50000 1406644
50500 1438724
51000 1469522
51500 1500391
52000 1531339
52500 1562012
53000 1592790
53500 1624221
54000 1654659
54500 1685083
55000 1716244
55500 1747374
56000 1778566
56500 1810988
57000 1841664
57500 1872824
58000 1904684
58500 1936833
59000 1967376
59500 1999130
60000 2030206
60500 2061740
61000 2094222
61500 2125460
62000 2157888
62500 2192608
63000 2223629
63500 2254715
64000 2286671
64500 2317955
65000 2349191
65500 2381304
66000 2414340
66500 2447526
67000 2480402
67500 2514665
68000 2551268
68500 2587860
69000 2622993
69500 2654794
70000 2686289
70500 2718313
71000 2750851
71500 2783933
72000 2817309
72500 2849517
73000 2882492
73500 2916752
74000 2950065
74500 2984236
75000 3020810
75500 3051874
76000 3082873
76500 3114687
77000 3146236
77500 3178105
78000 3210764
78500 3241981
79000 3273144
79500 3305672
80000 3338175
80500 3372107
81000 3404921
81500 3437860
82000 3469724
82500 3502016
83000 3534743
83500 3567368
84000 3600565
84500 3634605
85000 3669860
85500 3703081
86000 3741562
86500 3776661
87000 3810515
87500 3846269
88000 3877645
88500 3909014
89000 3941048
89500 3972553
90000 4004685
90500 4037552
91000 4069184
91500 4101017
92000 4134200
92500 4167301
93000 4200115
93500 4233521
94000 4267615
94500 4299958
95000 4332143
95500 4365713
96000 4399276
96500 4432960
97000 4468339
97500 4509334
98000 4550105
98500 4589186
99000 4625016
99500 4662384
100000 4703076
