0 0
500 611041
1000 3130229
1500 7887150
2000 14526366
2500 23055695
3000 33476285
3500 45778897
4000 60106985
4500 76529530
5000 95054950
5500 115711003
6000 138513091
6500 163641994
7000 190754113
7500 219898761
8000 251083947
8500 284671082
9000 319894002
9500 357338551
10000 396897114
10500 438635434
11000 482402872
11500 528147293
12000 576038710
12500 625779770
13000 677481432
13500 731189624
14000 787323647
14500 845066454
15000 904839388
15500 966633808
16000 1030455784
16500 1096284665
17000 1164127738
17500 1233998102
18000 1306295681
18500 1380215905
19000 1456152313
19500 1534175292
20000 1614174406
20500 1696167698
21000 1780185599
21500 1866629334
22000 1954687667
22500 2045025345
23000 2136315979
23500 2229585804
24000 2325276119
24500 2422599680
25000 2521921540
25500 2623259618
26000 2726623601
26500 2832409307
27000 2939809157
27500 3049243476
28000 3160688128
28500 3274152644
29000 3390033084
29500 3507524092
30000 3627081246
30500 3748637942
31000 3872603666
31500 3998198586
32000 4125807337
32500 4255425015
33000 4387465647
33500 4521175655
34000 4656888880
34500 4794607312
35000 4934740681
35500 5076493974
36000 5220259357
36500 5366451676
37000 5514271634
37500 5664183902
38000 5816444668
38500 5970323848
39000 6126258800
39500 6284162895
40000 6444501854
40500 6606603957
41000 6770582294
41500 6936982337
42000 7105050819
42500 7275102866
43000 7447578233
43500 7621689260
44000 7797807546
44500 7976395781
45000 8156572258
45500 8339180062
46000 8523603992
46500 8710221020
47000 8899230705
47500 9089863837
48000 9282534262
48500 9477601125
49000 9674351539
49500 9873477326
50000 10074371504
50500 10074638162
51000 10075854258
51500 10078222177
52000 10081528074
52500 10085771310
53000 10090955701
53500 10097081391
54000 10104153133
54500 10112160982
55000 10121107606
55500 10131183699
56000 10142528545
56500 10154909495
57000 10168277938
57500 10182633223
58000 10197974293
58500 10214301336
59000 10231612645
59500 10249913479
60000 10269195780
60500 10289468953
61000 10310722582
61500 10332981855
62000 10356627716
62500 10380846635
63000 10406048368
63500 10432230654
64000 10459403409
64500 10487559493
65000 10516707057
65500 10546837162
66000 10577958014
66500 10610087302
67000 10643201739
67500 10677394737
68000 10712599001
68500 10748865178
69000 10786151384
69500 10824442945
70000 10864153807
70500 10904457334
71000 10945761675
71500 10988071224
72000 11031386840
72500 11075702344
73000 11121024746
73500 11167356743
74000 11214743660
74500 11263192442
75000 11312588853
75500 11363431222
76000 11414873418
76500 11467398742
77000 11520926084
77500 11575371717
78000 11630949520
78500 11687408766
79000 11744866572
79500 11803300172
80000 11863176518
80500 11923630397
81000 11985137651
81500 12047644331
82000 12111192692
82500 12175700863
83000 12241217487
83500 12307715939
84000 12375627433
84500 12444162795
85000 12513692356
85500 12584209383
86000 12655790672
86500 12728357206
87000 12801938542
87500 12877013222
88000 12952871582
88500 13029993769
89000 13108153805
89500 13186814415
90000 13266379783
90500 13346925825
91000 13428895218
91500 13511483514
92000 13595107339
92500 13679860572
93000 13766358769
93500 13853275277
94000 13941324781
94500 14030017926
95000 14119698098
95500 14210382290
96000 14302152524
96500 14395710923
97000 14489729926
97500 14584589708
98000 14680403842
98500 14777274846
99000 14875482530
99500 14974460309
100000 15074253715
