0 0
500 58775
1000 96843
1500 131889
2000 168269
2500 210615
3000 248202
3500 285376
4000 328125
4500 373254
5000 419821
5500 459917
6000 498865
6500 535211
7000 571443
7500 608199
8000 644505
8500 683531
9000 719236
9500 756350
10000 792316
10500 828535
11000 866845
11500 903536
12000 940354
12500 975339
13000 1010295
13500 1046720
14000 1086065
14500 1123030
15000 1159364
15500 1196055
16000 1230533
16500 1268513
17000 1306353
17500 1343225
18000 1380008
18500 1416031
19000 1454490
19500 1491701
20000 1528667
20500 1565579
21000 1601658
21500 1636782
22000 1673753
22500 1711285
23000 1747498
23500 1783151
24000 1818404
24500 1854682
25000 1892451
25500 1929242
26000 1965266
26500 2000341
27000 2037397
27500 2073735
28000 2110337
28500 2145871
29000 2182578
29500 2219224
30000 2255138
30500 2291688
31000 2329526
31500 2364930
32000 2400539
32500 2436929
33000 2473265
33500 2510190
34000 2547109
34500 2583165
35000 2620579
35500 2656355
36000 2693177
36500 2730089
37000 2766289
37500 2805306
38000 2840116
38500 2877024
39000 2912268
39500 2950148
40000 2986632
40500 3024148
41000 3060341
41500 3096037
42000 3133897
42500 3170416
43000 3207965
43500 3243600
44000 3279850
44500 3315221
45000 3351496
45500 3389445
46000 3425861
46500 3461847
47000 3497629
47500 3533802
48000 3570607
48500 3607187
49000 3643819
49500 3680667
50000 3716872
50500 4486282
51000 4511235
51500 4533077
52000 4554179
52500 4575453
53000 4597203
53500 4618498
54000 4639761
54500 4661213
55000 4682757
55500 4704472
56000 4726012
56500 4747584
57000 4769482
57500 4791420
58000 4812991
58500 4834504
59000 4856114
59500 4878390
60000 4900104
60500 4922137
61000 4943673
61500 4965503
62000 4987007
62500 5008592
63000 5030085
63500 5051730
64000 5073241
64500 5094759
65000 5116385
65500 5138314
66000 5159864
66500 5181361
67000 5202959
67500 5224927
68000 5246485
68500 5267978
69000 5289488
69500 5311121
70000 5332622
70500 5354091
71000 5375576
71500 5397253
72000 5418801
72500 5440410
73000 5461928
73500 5483683
74000 5505540
74500 5527323
75000 5548892
75500 5570776
76000 5592507
76500 5614372
77000 5636155
77500 5657882
78000 5679618
78500 5701241
79000 5722579
79500 5744186
80000 5765750
80500 5787380
81000 5808947
81500 5830481
82000 5852335
82500 5873956
83000 5895492
83500 5917346
84000 5939520
84500 5961328
85000 5983585
85500 6004961
86000 6026968
86500 6048659
87000 6070141
87500 6091823
88000 6113590
88500 6135199
89000 6156643
89500 6178094
90000 6199833
90500 6221617
91000 6243068
91500 6264699
92000 6286371
92500 6307895
93000 6329375
93500 6350889
94000 6372852
94500 6394844
95000 6416384
95500 6437767
96000 6459533
96500 6481390
97000 6503078
97500 6524527
98000 6546300
98500 6567822
99000 6589303
99500 6610863
100000 6631973
