0 0
500 42037
1000 67595
1500 91259
2000 114440
2500 137401
3000 169433
3500 198972
4000 228359
4500 262297
5000 292831
5500 322905
6000 351718
6500 383113
7000 418648
7500 449129
8000 476894
8500 507771
9000 536756
9500 565421
10000 594598
10500 623217
11000 652519
11500 681337
12000 710065
12500 739217
13000 767889
13500 797082
14000 826776
14500 856172
15000 883874
15500 912438
16000 941628
16500 970182
17000 1000242
17500 1030057
18000 1059288
18500 1087040
19000 1115534
19500 1144806
20000 1174475
20500 1204911
21000 1233631
21500 1262043
22000 1290376
22500 1319923
23000 1350138
23500 1378749
24000 1407913
24500 1437814
25000 1466492
25500 1496941
26000 1525694
26500 1554817
27000 1583265
27500 1611640
28000 1641719
28500 1671215
29000 1700493
29500 1728075
30000 1757180
30500 1785584
31000 1816200
31500 1845477
32000 1874047
32500 1903226
33000 1930945
33500 1960245
34000 1990440
34500 2019001
35000 2048116
35500 2077398
36000 2108808
36500 2138361
37000 2167817
37500 2197904
38000 2227595
38500 2257851
39000 2288698
39500 2319823
40000 2348382
40500 2377785
41000 2407849
41500 2438955
42000 2469055
42500 2499492
43000 2528969
43500 2558012
44000 2588805
44500 2618781
45000 2648920
45500 2679090
46000 2708653
46500 2738304
47000 2768638
47500 2797970
48000 2829202
48500 2858703
49000 2888157
49500 2919508
50000 2948949
50500 100116812
51000 197310811
51500 294908628
52000 392045688
52500 489229780
53000 586442510
53500 683696391
54000 781321597
54500 878543749
55000 975743156
55500 1073097278
56000 1170290132
56500 1267885699
57000 1365080427
57500 1462287081
58000 1559497046
58500 1656696384
59000 1754316608
59500 1851539066
60000 1948760933
60500 2045968628
61000 2143165439
61500 2240391362
62000 2337987532
62500 2435181364
63000 2532391179
63500 2629577624
64000 2726782269
64500 2824397712
65000 2921607423
65500 3018806827
66000 3115999060
66500 3213189131
67000 3310773272
67500 3407958171
68000 3505145512
68500 3602344101
69000 3699507532
69500 3797087501
70000 3894275736
70500 3991461985
71000 4088669201
71500 4185882457
72000 4283505839
72500 4380719849
73000 4477897893
73500 4575106556
74000 4672368511
74500 4769578284
75000 4867184726
75500 4964384862
76000 5061632266
76500 5158825036
77000 5256033300
77500 5353631846
78000 5450840269
78500 5548096321
79000 5645289597
79500 5742512951
80000 5840146820
80500 5937322986
81000 6034511917
81500 6131762255
82000 6228992780
82500 6326577230
83000 6423764014
83500 6520957921
84000 6618163864
84500 6715346649
85000 6812954801
85500 6910163579
86000 7007353145
86500 7104576620
87000 7201762200
87500 7299360371
88000 7396580130
88500 7493751402
89000 7590991477
89500 7688233338
90000 7785442118
90500 7883053645
91000 7980278201
91500 8077437818
92000 8174661086
92500 8271895400
93000 8369518210
93500 8466778921
94000 8564080654
94500 8661402501
95000 8758636334
95500 8856243722
96000 8953420132
96500 9050696297
97000 9147873537
97500 9245066366
98000 9342645219
98500 9439817943
99000 9536999596
99500 9634142502
100000 9731345618
