0 0
500 105203
1000 187583
1500 278978
2000 370871
2500 470263
3000 570137
3500 670756
4000 771988
4500 884835
5000 1000944
5500 1118217
6000 1235495
6500 1360074
7000 1477788
7500 1594958
8000 1712250
8500 1840270
9000 1973925
9500 2108049
10000 2241892
10500 2376024
11000 2509032
11500 2643462
12000 2776796
12500 2910647
13000 3043503
13500 3178287
14000 3311830
14500 3446718
15000 3579247
15500 3713497
16000 3846837
16500 3992196
17000 4161049
17500 4330893
18000 4510709
18500 4687483
19000 4857784
19500 5026756
20000 5197074
20500 5372495
21000 5544370
21500 5714262
22000 5885849
22500 6055066
23000 6226039
23500 6396743
24000 6567936
24500 6738516
25000 6908055
25500 7078715
26000 7250330
26500 7422004
27000 7595199
27500 7769737
28000 7939295
28500 8110165
29000 8283387
29500 8463581
30000 8641145
30500 8810793
31000 8981507
31500 9154259
32000 9329610
32500 9501463
33000 9683206
33500 9890026
34000 10109840
34500 10331952
35000 10546258
35500 10760964
36000 10976215
36500 11197220
37000 11406964
37500 11611213
38000 11809027
38500 12017897
39000 12271380
39500 12511580
40000 12739423
40500 12952326
41000 13150086
41500 13357656
42000 13561856
42500 13776066
43000 14046107
43500 14254917
44000 14458321
44500 14662177
45000 14885290
45500 15112737
46000 15350344
46500 15571461
47000 15776150
47500 15980197
48000 16183234
48500 16385672
49000 16588298
49500 16795720
50000 17008911
50500 17063019
51000 17112002
51500 17162465
52000 17211951
52500 17260670
53000 17308808
53500 17362506
54000 17411069
54500 17459849
55000 17507747
55500 17555357
56000 17602115
56500 17650254
57000 17697620
57500 17745586
58000 17794202
58500 17841872
59000 17890568
59500 17938382
60000 17986121
60500 18034896
61000 18083223
61500 18131287
62000 18177395
62500 18224052
63000 18273011
63500 18320093
64000 18367516
64500 18414140
65000 18460926
65500 18507429
66000 18553086
66500 18603534
67000 18662202
67500 18720667
68000 18779285
68500 18838963
69000 18897818
69500 18956826
70000 19017450
70500 19077576
71000 19136608
71500 19195608
72000 19255590
72500 19316955
73000 19377310
73500 19436596
74000 19495741
74500 19556124
75000 19615534
75500 19674640
76000 19735792
76500 19796307
77000 19855911
77500 19916110
78000 19975654
78500 20036084
79000 20095661
79500 20154583
80000 20213872
80500 20273698
81000 20333724
81500 20392117
82000 20451870
82500 20511586
83000 20566362
83500 20613405
84000 20661388
84500 20709278
85000 20755516
85500 20802887
86000 20851478
86500 20899509
87000 20945842
87500 20992407
88000 21042115
88500 21092587
89000 21139411
89500 21186498
90000 21235587
90500 21283163
91000 21333726
91500 21381288
92000 21428587
92500 21476617
93000 21523511
93500 21569825
94000 21617824
94500 21665474
95000 21713084
95500 21758943
96000 21806207
96500 21853684
97000 21901461
97500 21948005
98000 21995584
98500 22051816
99000 22110331
99500 22169757
100000 22227243
