0 0
500 100939
1000 170355
1500 291246
2000 311504
2500 329393
3000 547523
3500 568319
4000 586861
4500 605308
5000 624064
5500 1057821
6000 1079885
6500 1098237
7000 1116813
7500 1135009
8000 1153271
8500 1171504
9000 1189893
9500 1208057
10000 1226265
10500 1244635
11000 2079265
11500 2101929
12000 2121117
12500 2140301
13000 2159407
13500 2178303
14000 2198353
14500 2217426
15000 2236491
15500 2255518
16000 2274493
16500 2293355
17000 2312325
17500 2331360
18000 2350200
18500 2369166
19000 2400471
19500 2434753
20000 2457640
20500 2476859
21000 2496090
21500 2514862
22000 4196188
22500 4220518
23000 4240630
23500 4260459
24000 4280117
24500 4300045
25000 4319683
25500 4339509
26000 4359424
26500 4379133
27000 4398844
27500 4418588
28000 4438376
28500 4457877
29000 4477528
29500 4497254
30000 4517017
30500 4536639
31000 4556387
31500 4576034
32000 4595675
32500 4615478
33000 4635320
33500 4654992
34000 4674518
34500 4694379
35000 4714347
35500 4733925
36000 4753367
36500 4773090
37000 4792856
37500 4812539
38000 4832001
38500 4851631
39000 4871361
39500 4890912
40000 4910770
40500 4930303
41000 4950241
41500 4969822
42000 4989484
42500 5009073
43000 5028497
43500 5047907
44000 8433244
44500 8478541
45000 8511918
45500 8545733
46000 8574290
46500 8595957
47000 8617372
47500 8638474
48000 8665551
48500 8700224
49000 8727692
49500 8750655
50000 8772252
50500 8791444
51000 8810121
51500 8829237
52000 8847906
52500 8866486
53000 8885470
53500 8905313
54000 8924367
54500 8943019
55000 8962089
55500 8980600
56000 8999223
56500 9018205
57000 9036456
57500 9053984
58000 9071246
58500 9088622
59000 9106106
59500 9123666
60000 9140913
60500 9158639
61000 9175532
61500 9192663
62000 9209575
62500 9227068
63000 9244366
63500 9263645
64000 9282801
64500 9302305
65000 9321855
65500 9341544
66000 9360465
66500 9379745
67000 9398477
67500 9417268
68000 9436075
68500 9454586
69000 9473363
69500 9492281
70000 9511789
70500 9530711
71000 9550422
71500 9569588
72000 9588656
72500 9607852
73000 9628444
73500 9649239
74000 9670673
74500 9691934
75000 9713455
75500 9734260
76000 9756502
76500 9778115
77000 9799797
77500 9821284
78000 9843863
78500 9864992
79000 9887079
79500 9908725
80000 9931164
80500 9952661
81000 9974939
81500 9997418
82000 10019158
82500 10042500
83000 10065261
83500 10088190
84000 10110601
84500 10133309
85000 10155212
85500 10178326
86000 10201761
86500 10225162
87000 10247861
87500 10265961
88000 10284169
88500 10301732
89000 10319339
89500 10337101
90000 10354518
90500 10372352
91000 10398665
91500 10418243
92000 10435960
92500 10453144
93000 10471152
93500 10489335
94000 10506842
94500 10525014
95000 10542957
95500 10560857
96000 10578582
96500 10596290
97000 10614114
97500 10632453
98000 10649844
98500 10667350
99000 10684978
99500 10702667
100000 10720200
