0 0
500 108661
1000 148383
1500 186566
2000 224085
2500 263992
3000 300497
3500 340245
4000 378183
4500 415884
5000 456562
5500 495029
6000 536347
6500 574208
7000 613183
7500 653103
8000 693952
8500 734090
9000 774981
9500 815696
10000 854232
10500 896232
11000 937073
11500 977800
12000 1021223
12500 1062193
13000 1105559
13500 1146025
14000 1187483
14500 1231269
15000 1273501
15500 1317572
16000 1359864
16500 1401975
17000 1444932
17500 1488309
18000 1532193
18500 1576533
19000 1620040
19500 1662966
20000 1707369
20500 1752011
21000 1795999
21500 1840030
22000 1883705
22500 1927391
23000 1973752
23500 2018207
24000 2062672
24500 2105858
25000 2202074
25500 2248620
26000 2295240
26500 2341134
27000 2385467
27500 2430074
28000 2473198
28500 2518945
29000 2565091
29500 2609774
30000 2655192
30500 2699905
31000 2746006
31500 2791735
32000 2837251
32500 2883010
33000 2928008
33500 2962240
34000 2973278
34500 2982967
35000 2992387
35500 3001769
36000 3011010
36500 3020237
37000 3029509
37500 3038727
38000 3048052
38500 3057353
39000 3066679
39500 3076044
40000 3085321
40500 3094545
41000 3103771
41500 3112960
42000 3122129
42500 3131392
43000 3140663
43500 3150027
44000 3159371
44500 3168744
45000 3177951
45500 3187183
46000 3196599
46500 3205983
47000 3215387
47500 3224703
48000 3233930
48500 3243325
49000 3252715
49500 3262050
50000 3271359
50500 3280475
51000 3289797
51500 3299028
52000 3308215
52500 3317450
53000 3326644
53500 3335844
54000 3345158
54500 3354530
55000 3363944
55500 3373311
56000 3382535
56500 3391895
57000 3401178
57500 3410423
58000 3419720
58500 3429007
59000 3438345
59500 3447723
60000 3457144
60500 3466295
61000 3475646
61500 3484963
62000 3494230
62500 3503488
63000 3512834
63500 3522098
64000 3531346
64500 3540473
65000 3549777
65500 3559244
66000 3568563
66500 3577812
67000 3602708
67500 3633840
68000 3663388
68500 3692182
69000 3721108
69500 3750494
70000 3778795
70500 3807950
71000 3836568
71500 3865489
72000 3894164
72500 3921908
73000 3950383
73500 3978113
74000 4005527
74500 4033566
75000 4061748
75500 4088995
76000 4116115
76500 4143973
77000 4170725
77500 4197990
78000 4225118
78500 4251013
79000 4277375
79500 4303026
80000 4329405
80500 4354427
81000 4379942
81500 4405880
82000 4431105
82500 4456057
83000 4481417
83500 4506294
84000 4530324
84500 4554744
85000 4578564
85500 4602759
86000 4626484
86500 4649755
87000 4672805
87500 4695848
88000 4717994
88500 4739964
89000 4762568
89500 4784164
90000 4805866
90500 4826498
91000 4847893
91500 4868886
92000 4888907
92500 4908290
93000 4928056
93500 4946545
94000 4964753
94500 4982197
95000 4999835
95500 5017065
96000 5033854
96500 5049554
97000 5064688
97500 5079194
98000 5092104
98500 5105260
99000 5117713
99500 5129606
99999 5140357
