0 0
500 109179
1000 196869
1500 342573
2000 368374
2500 394992
3000 656643
3500 682317
4000 706448
4500 733446
5000 760400
5500 1256754
6000 1282070
6500 1304714
7000 1326474
7500 1348464
8000 1372640
8500 1397332
9000 1423170
9500 1449985
10000 1476458
10500 1504345
11000 2492985
11500 2518364
12000 2537410
12500 2555939
13000 2574500
13500 2593001
14000 2612121
14500 2630798
15000 2649416
15500 2667781
16000 2686220
16500 2704720
17000 2723399
17500 2741864
18000 2760304
18500 2778688
19000 2797218
19500 2815743
20000 2834350
20500 2852994
21000 2871632
21500 2889960
22000 4663259
22500 4685870
23000 4704947
23500 4723430
24000 4741948
24500 4760219
25000 4778665
25500 4797384
26000 4815960
26500 4834580
27000 4853086
27500 4871512
28000 4890254
28500 4908599
29000 4927131
29500 4945387
30000 4963882
30500 4982431
31000 5001237
31500 5019857
32000 5038583
32500 5057213
33000 5075690
33500 5093368
34000 5109415
34500 5124924
35000 5140598
35500 5156222
36000 5171845
36500 5187686
37000 5203188
37500 5218588
38000 5234126
38500 5249783
39000 5265311
39500 5280848
40000 5296380
40500 5311918
41000 5327638
41500 5343201
42000 5358652
42500 5374455
43000 5389977
43500 5405349
44000 5421010
44500 5436890
45000 5452580
45500 5468017
46000 5483546
46500 5499156
47000 5514738
47500 5530360
48000 5545922
48500 5561707
49000 5577408
49500 5592897
50000 5608451
50500 5624048
51000 5639752
51500 5655360
52000 5670941
52500 5686381
53000 5701794
53500 5717242
54000 5732864
54500 5748612
55000 5764232
55500 5779714
56000 5795418
56500 5810934
57000 5826537
57500 5841969
58000 5857767
58500 5873359
59000 5888784
59500 5904335
60000 5919832
60500 5935571
61000 5951061
61500 5966711
62000 5982099
62500 5997566
63000 6012955
63500 6028451
64000 6043817
64500 6059433
65000 6074957
65500 6090468
66000 6105913
66500 6121383
67000 6138346
67500 6155945
68000 6172770
68500 6189825
69000 6206821
69500 6223611
70000 6240481
70500 6257366
71000 6282472
71500 6301028
72000 6317718
72500 6334565
73000 6351586
73500 6368270
74000 6384848
74500 6401723
75000 6418532
75500 6435315
76000 6452359
76500 6469151
77000 6486148
77500 6502831
78000 6519486
78500 6536347
79000 6553200
79500 6569797
80000 6586698
80500 6603333
81000 6620204
81500 6636952
82000 6653524
82500 6670242
83000 6686971
83500 6703606
84000 6720548
84500 6737385
85000 6754076
85500 6770876
86000 6787497
86500 6804130
87000 6821136
87500 6838262
88000 6854855
88500 6871559
89000 6888215
89500 6905150
90000 6922057
90500 6938778
91000 6955451
91500 6972146
92000 6988836
92500 7005362
93000 7022019
93500 7038652
94000 7055424
94500 7072097
95000 7088897
95500 7105635
96000 7122280
96500 7139011
97000 7155679
97500 7172437
98000 7189115
98500 7205733
99000 7222466
99500 7239158
99999 7255787
