0 0
500 176656
1000 628541
1500 1326281
2000 2251978
2500 3517091
3000 5038848
3500 6890422
4000 9115410
4500 11673218
5000 14414801
5500 17476250
6000 20881134
6500 24473071
7000 28352709
7500 32648152
8000 37358931
8500 42314613
9000 47666274
9500 53094607
10000 58907310
10500 64811883
11000 71373665
11500 78156012
12000 85238199
12500 92568748
13000 99918257
13500 107902660
14000 116028808
14500 124704869
15000 133748526
15500 143129251
16000 152647317
16500 162900104
17000 173140245
17500 183484641
18000 193859188
18500 204868094
19000 216478143
19500 227967007
20000 241121353
20500 253213675
21000 265885530
21500 279309286
22000 293090348
22500 306905590
23000 321530932
23500 336498238
24000 352464526
24500 367095328
25000 383566174
25500 399689645
26000 416119925
26500 433564695
27000 451073160
27500 470012859
28000 488615600
28500 505506011
29000 523549096
29500 543168386
30000 563005772
30500 583109412
31000 603070043
31500 624444097
32000 646958785
32500 668328740
33000 690073786
33500 704353967
34000 704378234
34500 704398920
35000 704419757
35500 704440438
36000 704461099
36500 704481757
37000 704502421
37500 704523171
38000 704543893
38500 704564625
39000 704585272
39500 704605986
40000 704626680
40500 704647230
41000 704667911
41500 704688373
42000 704708832
42500 704729453
43000 704750247
43500 704770842
44000 704791452
44500 704812056
45000 704832649
45500 704853284
46000 704874111
46500 704894598
47000 704915249
47500 704936019
48000 704956711
48500 704977354
49000 704997756
49500 705018485
50000 705039122
50500 705059755
51000 705080414
51500 705101133
52000 705121668
52500 705142333
53000 705162980
53500 705183591
54000 705204188
54500 705224901
55000 705245400
55500 705266022
56000 705286698
56500 705307512
57000 705328187
57500 705348868
58000 705369602
58500 705390215
59000 705410827
59500 705431476
60000 705452221
60500 705472907
61000 705493514
61500 705514109
62000 705534708
62500 705555321
63000 705575899
63500 705596501
64000 705617115
64500 705637731
65000 705658360
65500 705679200
66000 705699835
66500 705720258
67000 705781152
67500 705856951
68000 705930456
68500 706004136
69000 706078903
69500 706153663
70000 706228042
70500 706301777
71000 706376398
71500 706451105
72000 706524914
72500 706599187
73000 706673688
73500 706748080
74000 706823255
74500 706897474
75000 706971819
75500 707046260
76000 707120027
76500 707194656
77000 707268859
77500 707343866
78000 707418188
78500 707492304
79000 707566577
79500 707639786
80000 707713754
80500 707788558
81000 707861932
81500 707936572
82000 708009884
82500 708084806
83000 708158968
83500 708234100
84000 708309338
84500 708389495
85000 708465913
85500 708540681
86000 708615008
86500 708689363
87000 708763100
87500 708838501
88000 708913197
88500 708987630
89000 709062549
89500 709136589
90000 709211349
90500 709284112
91000 709358394
91500 709432793
92000 709506412
92500 709580079
93000 709654194
93500 709729130
94000 709804123
94500 709878023
95000 709952243
95500 710026432
96000 710101919
96500 710176877
97000 710250902
97500 710325039
98000 710400341
98500 710474204
99000 710548561
99500 710622969
99999 710697462
