0 0
500 30013
1000 56550
1500 80903
2000 103922
2500 126920
3000 159948
3500 190282
4000 221730
4500 250201
5000 280005
5500 310602
6000 340221
6500 370297
7000 399641
7500 429387
8000 457775
8500 488867
9000 518179
9500 547801
10000 578066
10500 607758
11000 637827
11500 667284
12000 696984
12500 726876
13000 756562
13500 786674
14000 817229
14500 848431
15000 876332
15500 904927
16000 934380
16500 963232
17000 1001784
17500 1032112
18000 1061718
18500 1089498
19000 1118194
19500 1149150
20000 1179248
20500 1208954
21000 1237600
21500 1266502
22000 1294982
22500 1325846
23000 1355540
23500 1384362
24000 1413839
24500 1442688
25000 1472338
25500 1502262
26000 1531368
26500 1560535
27000 1589113
27500 1618771
28000 1649146
28500 1678041
29000 1707395
29500 1735310
30000 1764887
30500 1794985
31000 1825109
31500 1855046
32000 1883953
32500 1913944
33000 1943711
33500 1973090
34000 2003728
34500 2033049
35000 2062756
35500 2093210
36000 2123078
36500 2152700
37000 2182070
37500 2211842
38000 2242288
38500 2272158
39000 2301135
39500 2331943
40000 2360214
40500 2389479
41000 2421154
41500 2451108
42000 2481138
42500 2511581
43000 2541168
43500 2571776
44000 2601295
44500 2631228
45000 2661628
45500 2692099
46000 2722864
46500 2751928
47000 2780732
47500 2811055
48000 2842269
48500 2871922
49000 2902962
49500 2933270
50000 2994224
50500 51815756
51000 107080178
51500 166129525
52000 230202274
52500 297976224
53000 368164152
53500 442842100
54000 520575592
54500 598783987
55000 683568534
55500 769262001
56000 859901331
56500 956236998
57000 1054952853
57500 1156979517
58000 1259718315
58500 1365446072
59000 1472900507
59500 1588566506
60000 1707728032
60500 1826287137
61000 1946864522
61500 2072872128
62000 2200851908
62500 2331171942
63000 2463207805
63500 2598382463
64000 2735577623
64500 2872206592
65000 3013413967
65500 3157018857
66000 3310494988
66500 3460512045
67000 3607325859
67500 3754950651
68000 3915149011
68500 4075794135
69000 4235115648
69500 4392485441
70000 4554833316
70500 4714443117
71000 4881007856
71500 5057210939
72000 5226617863
72500 5397938190
73000 5573672079
73500 5749910118
74000 5923263633
74500 6103714463
75000 6284587465
75500 6459695841
76000 6643457914
76500 6827861762
77000 7014858487
77500 7202806679
78000 7389308205
78500 7575463778
79000 7769621165
79500 7965587143
80000 8167733960
80500 8368706117
81000 8563148583
81500 8756260414
82000 8954418788
82500 9154634215
83000 9353360926
83500 9551382801
84000 9746826085
84500 9952631876
85000 10158313727
85500 10366086984
86000 10571478605
86500 10774102139
87000 10981530066
87500 11190043330
88000 11402100616
88500 11610474956
89000 11826064482
89500 12028502171
90000 12231229377
90500 12452561334
91000 12664448794
91500 12874119789
92000 13094235979
92500 13320800064
93000 13532529082
93500 13762651137
94000 13978181451
94500 14201634137
95000 14423685443
95500 14640371535
96000 14869405977
96500 15085167241
