0 0
500 134391
1000 273204
1500 420300
2000 575664
2500 738212
3000 905721
3500 1079147
4000 1259938
4500 1445037
5000 1637044
5500 1846723
6000 2050539
6500 2258872
7000 2466542
7500 2679493
8000 2899225
8500 3120238
9000 3340441
9500 3566262
10000 3792189
10500 4022397
11000 4253947
11500 4488378
12000 4727245
12500 4962935
13000 5202739
13500 5445733
14000 5694553
14500 5944948
15000 6193096
15500 6441770
16000 6691169
16500 6946840
17000 7215282
17500 7484938
18000 7753152
18500 8027344
19000 8303304
19500 8578290
20000 8852044
20500 9127924
21000 9410750
21500 9696881
22000 9980752
22500 10257628
23000 10539382
23500 10823049
24000 11104973
24500 11386257
25000 11672213
25500 11956956
26000 12240347
26500 12523769
27000 12807949
27500 13096274
28000 13382378
28500 13675346
29000 13968685
29500 14262014
30000 14550613
30500 14842515
31000 15135111
31500 15428692
32000 15723365
32500 16015208
33000 16309221
33500 16516234
34000 16531910
34500 16545248
35000 16558819
35500 16572140
36000 16585400
36500 16598668
37000 16611935
37500 16625202
38000 16638537
38500 16651805
39000 16665019
39500 16678247
40000 16691485
40500 16704746
41000 16718040
41500 16731288
42000 16744536
42500 16757758
43000 16770989
43500 16784211
44000 16797441
44500 16810689
45000 16823953
45500 16837192
46000 16850427
46500 16863716
47000 16876979
47500 16890311
48000 16903600
48500 16916875
49000 16930129
49500 16943416
50000 16956641
50500 16969860
51000 16983080
51500 16996303
52000 17009531
52500 17022774
53000 17036028
53500 17049278
54000 17062516
54500 17075738
55000 17088946
55500 17102165
56000 17115560
56500 17128845
57000 17142080
57500 17155340
58000 17168610
58500 17181840
59000 17195051
59500 17208279
60000 17221606
60500 17234893
61000 17248156
61500 17261416
62000 17274635
62500 17287859
63000 17301067
63500 17314283
64000 17327529
64500 17340761
65000 17354011
65500 17367270
66000 17380491
66500 17393712
67000 17437607
67500 17501798
68000 17567420
68500 17636960
69000 17715393
69500 17790834
70000 17869202
70500 17947687
71000 18027258
71500 18108092
72000 18189958
72500 18272495
73000 18353117
73500 18437343
74000 18522844
74500 18608073
75000 18693599
75500 18779219
76000 18865001
76500 18952265
77000 19040279
77500 19130853
78000 19221289
78500 19312162
79000 19402022
79500 19492883
80000 19584815
80500 19677457
81000 19769025
81500 19860865
82000 19954103
82500 20046890
83000 20139392
83500 20233512
84000 20327779
84500 20422744
85000 20518460
85500 20614785
86000 20710866
86500 20807718
87000 20904087
87500 21000624
88000 21099895
88500 21198477
89000 21297872
89500 21396289
90000 21496011
90500 21595126
91000 21701437
91500 21806504
92000 21908827
92500 22010339
93000 22112421
93500 22217401
94000 22321415
94500 22424602
95000 22529461
95500 22634631
96000 22740758
96500 23256312
97000 23366620
97500 23474921
98000 23583574
98500 23691945
99000 23801320
99500 23910447
99999 24020811
