0 0
500 109689
1000 216703
1500 329291
2000 447763
2500 570906
3000 698117
3500 829396
4000 965683
4500 1102976
5000 1242605
5500 1386286
6000 1533260
6500 1682676
7000 1833575
7500 1988599
8000 2146178
8500 2312586
9000 2475674
9500 2636144
10000 2799499
10500 2963805
11000 3130782
11500 3303621
12000 3473237
12500 3643773
13000 3819096
13500 3993908
14000 4171314
14500 4351866
15000 4528881
15500 4707825
16000 4887252
16500 5067895
17000 5248997
17500 5433394
18000 5617554
18500 5803877
19000 5994298
19500 6185541
20000 6381755
20500 6574303
21000 6766003
21500 6956329
22000 7149955
22500 7340849
23000 7534526
23500 7732752
24000 7931057
24500 8129090
25000 8325941
25500 8529283
26000 8726536
26500 8926288
27000 9126156
27500 9324947
28000 9520318
28500 9721881
29000 9921863
29500 10122649
30000 10332073
30500 10537654
31000 10743735
31500 10946887
32000 11150484
32500 11356044
33000 11565466
33500 11707769
34000 11717359
34500 11726053
35000 11734827
35500 11743463
36000 11752101
36500 11760748
37000 11769393
37500 11778070
38000 11786746
38500 11795401
39000 11803995
39500 11812600
40000 11821217
40500 11829853
41000 11838524
41500 11847151
42000 11855757
42500 11864416
43000 11873018
43500 11881617
44000 11890228
44500 11898855
45000 11907538
45500 11916214
46000 11924830
46500 11933430
47000 11942081
47500 11950925
48000 11959884
48500 11968573
49000 11977230
49500 11985945
50000 11994562
50500 12003209
51000 12011841
51500 12020477
52000 12029090
52500 12037744
53000 12046414
53500 12055045
54000 12063691
54500 12072334
55000 12081010
55500 12089650
56000 12098409
56500 12107076
57000 12115725
57500 12124375
58000 12133014
58500 12141659
59000 12150280
59500 12158945
60000 12167641
60500 12176285
61000 12184944
61500 12193601
62000 12202247
62500 12210878
63000 12219495
63500 12228131
64000 12236772
64500 12245415
65000 12254084
65500 12262738
66000 12271370
66500 12280018
67000 12307154
67500 12352622
68000 12403718
68500 12458394
69000 12515981
69500 12576283
70000 12640215
70500 12705890
71000 12774412
71500 12845079
72000 12919245
72500 12994412
73000 13069646
73500 13148380
74000 13230372
74500 13313161
75000 13397432
75500 13483749
76000 13570937
76500 13659145
77000 13748877
77500 13841892
78000 13935149
78500 14031424
79000 14127595
79500 14225186
80000 14330505
80500 14432445
81000 14534724
81500 14636436
82000 14738017
82500 14841014
83000 14945910
83500 15049657
84000 15156978
84500 15264942
85000 15372199
85500 15483425
86000 15595679
86500 15705772
87000 15817005
87500 15928306
88000 16039480
88500 16154097
89000 16266144
89500 16379500
90000 16496020
90500 16614190
91000 16730980
91500 16848569
92000 16968446
92500 17088093
93000 17206177
93500 17326019
94000 17445814
94500 17564032
95000 17682993
95500 17804157
96000 17923933
96500 18047486
97000 18169239
97500 18299809
98000 18426604
98500 18549604
99000 18674565
99500 18801136
99999 18927535
