0 0
500 102365
1000 199433
1500 304146
2000 412841
2500 526136
3000 643804
3500 765679
4000 891937
4500 1020450
5000 1152542
5500 1288720
6000 1428501
6500 1574495
7000 1720718
7500 1871789
8000 2027775
8500 2188448
9000 2350189
9500 2515512
10000 2686939
10500 2859591
11000 3043758
11500 3234415
12000 3422741
12500 3619799
13000 3814024
13500 4014973
14000 4211108
14500 4406912
15000 4609371
15500 4808118
16000 5004951
16500 5210756
17000 5411178
17500 5617911
18000 5827693
18500 6030387
19000 6239057
19500 6453605
20000 6662448
20500 6873574
21000 7086095
21500 7304421
22000 7527441
22500 7755821
23000 7973302
23500 8190895
24000 8412730
24500 8633364
25000 8859801
25500 9083699
26000 9304160
26500 9529858
27000 9755110
27500 9979613
28000 10207165
28500 10437648
29000 10668303
29500 10901820
30000 11136117
30500 11365410
31000 11608760
31500 11844502
32000 12076209
32500 12313727
33000 12548391
33500 12714991
34000 12727701
34500 12738124
35000 12748845
35500 12759181
36000 12769462
36500 12779751
37000 12790040
37500 12800360
38000 12810717
38500 12821025
39000 12831377
39500 12841641
40000 12851921
40500 12862223
41000 12872537
41500 12882875
42000 12893166
42500 12903504
43000 12913817
43500 12924090
44000 12934352
44500 12944614
45000 12954940
45500 12965298
46000 12975617
46500 12985947
47000 12996252
47500 13006598
48000 13016873
48500 13027156
49000 13037484
49500 13047829
50000 13058118
50500 13068434
51000 13078730
51500 13089061
52000 13099389
52500 13109640
53000 13119908
53500 13130207
54000 13140537
54500 13150891
55000 13161229
55500 13171498
56000 13181825
56500 13192086
57000 13202367
57500 13212644
58000 13222984
58500 13233324
59000 13243682
59500 13253964
60000 13264274
60500 13274529
61000 13284797
61500 13295094
62000 13305394
62500 13315677
63000 13325963
63500 13336250
64000 13346504
64500 13356780
65000 13367069
65500 13377351
66000 13387691
66500 13397984
67000 13532698
67500 13702082
68000 13863375
68500 14024327
69000 14178127
69500 14332797
70000 14482332
70500 14633762
71000 14785144
71500 14939185
72000 15085936
72500 15234778
73000 15383768
73500 15532519
74000 15693152
74500 15843620
75000 15996195
75500 16148105
76000 16300953
76500 16451897
77000 16605706
77500 16757749
78000 16910887
78500 17061731
79000 17210563
79500 17363403
80000 17513862
80500 17663073
81000 17814176
81500 17967737
82000 18116349
82500 18267931
83000 18421289
83500 18573497
84000 18723574
84500 18879290
85000 19029927
85500 19180653
86000 19335428
86500 19487530
87000 19646004
87500 19802067
88000 19956239
88500 20110876
89000 20266325
89500 20419904
90000 20574022
90500 20730713
91000 20883745
91500 21041030
92000 21198258
92500 21351610
93000 21508367
93500 21665023
94000 21817946
94500 21973754
95000 22127718
95500 22287071
96000 22442227
96500 22596676
97000 22753624
97500 22909271
98000 23067185
98500 23227129
99000 23383024
99500 23538136
99999 23702046
