0 0
500 26370
1000 53930
1500 78039
2000 101987
2500 125937
3000 161005
3500 193123
4000 224941
4500 254496
5000 285688
5500 317241
6000 347903
6500 378911
7000 409453
7500 440758
8000 470365
8500 502652
9000 533514
9500 563989
10000 594992
10500 625469
11000 656646
11500 687050
12000 718822
12500 750136
13000 783307
13500 814431
14000 846368
14500 877760
15000 907109
15500 937569
16000 971164
16500 1001628
17000 1033719
17500 1064372
18000 1095472
18500 1127449
19000 1157873
19500 1189057
20000 1220684
20500 1252400
21000 1285151
21500 1315584
22000 1345540
22500 1377283
23000 1408451
23500 1440555
24000 1471516
24500 1502098
25000 1532429
25500 1563377
26000 1594124
26500 1626870
27000 1657227
27500 1687733
28000 1719663
28500 1750330
29000 1782882
29500 1812265
30000 1843313
30500 1873846
31000 1905278
31500 1938197
32000 1968708
32500 1999876
33000 2029413
33500 2060019
34000 2091962
34500 2124465
35000 2155636
35500 2185941
36000 2217177
36500 2247984
37000 2280426
37500 2311586
38000 2342146
38500 2373239
39000 2404016
39500 2437948
40000 2476022
40500 2508135
41000 2539830
41500 2570398
42000 2603212
42500 2635092
43000 2665637
43500 2695828
44000 2726399
44500 2757430
45000 2790360
45500 2821794
46000 2852433
46500 2883048
47000 2913326
47500 2945477
48000 2977805
48500 3009014
49000 3039455
49500 3070671
50000 3102551
50500 3132705
51000 3164244
51500 3195704
52000 3226288
52500 3256894
53000 3289825
53500 3321292
54000 3351770
54500 3382508
55000 3413398
55500 3446086
56000 3479793
56500 3512044
57000 3542835
57500 3572952
58000 3604974
58500 3635784
59000 3667761
59500 3698408
60000 3729871
60500 3762221
61000 3793792
61500 3823524
62000 3855234
62500 3886875
63000 3917704
63500 3950396
64000 3981162
64500 4011696
65000 4043250
65500 4074736
66000 4106346
66500 4137175
67000 4168599
67500 4200398
68000 4231421
68500 4261760
69000 4293212
69500 4324950
70000 4356295
70500 4388311
71000 4420339
71500 4451128
72000 4481565
72500 4512158
73000 4543712
73500 4575652
74000 4606590
74500 4637997
75000 4668999
75500 4699297
76000 4731059
76500 4761912
77000 4793370
77500 4823983
78000 4855435
78500 4887964
79000 4918401
79500 4948815
80000 4979231
80500 5010065
81000 5040196
81500 5073634
82000 5104524
82500 5134038
83000 5165420
83500 5195848
84000 5228510
84500 5260557
85000 5291774
85500 5322037
86000 5351465
86500 5384239
87000 5415138
87500 5447416
88000 5477933
88500 5509160
89000 5541048
89500 5570439
90000 5602351
90500 5633019
91000 5664469
91500 5695598
92000 5729294
92500 5760962
93000 5792760
93500 5823617
94000 5854380
94500 5888295
95000 5919555
95500 5950712
96000 5983139
96500 6014329
97000 6047168
97500 6078032
98000 6108831
98500 6141089
99000 6172235
99500 6204625
99999 6238319
