0 0
500 587358
1000 3107027
1500 7904015
2000 14542988
2500 23070572
3000 33489187
3500 45799088
4000 60014426
4500 76314086
5000 94661802
5500 115622998
6000 138320699
6500 163323764
7000 190612905
7500 220015671
8000 251459133
8500 284980455
9000 320569398
9500 358258093
10000 397907413
10500 439634540
11000 483358619
11500 529104039
12000 576915101
12500 627153329
13000 678979836
13500 732923369
14000 788814957
14500 846670923
15000 906536479
15500 968637637
16000 1032674354
16500 1098774993
17000 1167393975
17500 1237466219
18000 1309534232
18500 1383693902
19000 1459739796
19500 1537808929
20000 1618474127
20500 1700716368
21000 1785056267
21500 1871283528
22000 1959457022
22500 2049752604
23000 2142444403
23500 2237066155
24000 2333621786
24500 2432109014
25000 2532466967
25500 2635351196
26000 2739869123
26500 2846382725
27000 2954862121
27500 3065381943
28000 3178270964
28500 3292933034
29000 3409457386
29500 3528044915
30000 3649027603
30500 3771893398
31000 3896536305
31500 4023434363
32000 4152792628
32500 4283606735
33000 4416471365
33500 4552843089
34000 4691868957
34500 4831878444
35000 4972764574
35500 5115831996
36000 5261299621
36500 5408351402
37000 5557538065
37500 5709235137
38000 5862413833
38500 6017683429
39000 6175350346
39500 6334598910
40000 6495873725
40500 6659792940
41000 6825381123
41500 6992737603
42000 7162836530
42500 7334746213
43000 7508844764
43500 7685054697
44000 7863917628
44500 8044202672
45000 8227152633
45500 8411667033
46000 8598173669
46500 8787231849
47000 8977848071
47500 9171114227
48000 9365819736
48500 9562695441
49000 9762089612
49500 9963070033
50000 10183944260
