0 0
500 37003
1000 75637
1500 115127
2000 151301
2500 190036
3000 225298
3500 261030
4000 295484
4500 332374
5000 371106
5500 405492
6000 441344
6500 476799
7000 513559
7500 551375
8000 586725
8500 622987
9000 657879
9500 693841
10000 730576
10500 766125
11000 798889
11500 831464
12000 864861
12500 899538
13000 935477
13500 969050
14000 1002155
14500 1034447
15000 1068169
15500 1106037
16000 1139358
16500 1171979
17000 1205229
17500 1238207
18000 1270463
18500 1307638
19000 1341660
19500 1375653
20000 1408733
20500 1442143
21000 1479334
21500 1512265
22000 1545171
22500 1577803
23000 1611294
23500 1646952
24000 1682410
24500 1715924
25000 1749337
25500 1781284
26000 1817017
26500 1850641
27000 1885204
27500 1919565
28000 1952296
28500 1984784
29000 2019895
29500 2054575
30000 2088684
30500 2121162
31000 2154848
31500 2190377
32000 2223688
32500 2258419
33000 2291965
33500 2325281
34000 2369013
34500 2404409
35000 2440462
35500 2473884
36000 2506057
36500 2538653
37000 2574514
37500 2607605
38000 2641958
38500 2675815
39000 2708767
39500 2744213
40000 2777271
40500 2810093
41000 2845047
41500 2878823
42000 2915406
42500 2948179
43000 2981874
43500 3016748
44000 3049880
44500 3086300
45000 3119184
45500 3152793
46000 3185741
46500 3219232
47000 3253369
47500 3289015
48000 3322789
48500 3356067
49000 3389632
49500 3424162
50000 3459047
50500 3492591
51000 3525193
51500 3558800
52000 3593118
52500 3629787
53000 3662946
53500 3694724
54000 3728434
54500 3761699
55000 3796878
55500 3832673
56000 3865647
56500 3899532
57000 3932360
57500 3964847
58000 4001866
58500 4036076
59000 4069095
59500 4102379
60000 4135878
60500 4172716
61000 4205459
61500 4238216
62000 4271333
62500 4304632
63000 4340459
63500 4375692
64000 4408930
64500 4441418
65000 4474538
65500 4507279
66000 4544877
66500 4578342
67000 4612211
67500 4645232
68000 4677069
68500 4713495
69000 4748104
69500 4782623
70000 4815476
70500 4849128
71000 4885055
71500 4916508
72000 4951340
72500 4984789
73000 5018261
73500 5051219
74000 5087217
74500 5121769
75000 5154075
75500 5187559
76000 5220528
76500 5256920
77000 5289767
77500 5323951
78000 5358273
78500 5390057
79000 5426455
79500 5459500
80000 5492933
80500 5527514
81000 5560880
81500 5597075
82000 5628660
82500 5662144
83000 5696406
83500 5730053
84000 5763953
84500 5799566
85000 5833118
85500 5864696
86000 5899924
86500 5933256
87000 5969782
87500 6003022
88000 6035896
88500 6071512
89000 6104877
89500 6139308
90000 6173012
90500 6206024
91000 6239588
91500 6273966
92000 6307981
92500 6343717
93000 6382063
93500 6416906
94000 6449701
94500 6484728
95000 6520957
95500 6554670
96000 6587783
96500 6619493
97000 6654465
97500 6690423
98000 6724165
98500 6757130
99000 6790077
99500 6823484
99999 6856649
