0 0
500 17056
1000 33674
1500 55661
2000 65274
2500 90012
3000 100345
3500 109770
4000 119885
4500 157513
5000 168331
5500 178309
6000 188363
6500 199596
7000 209640
7500 219223
8000 228445
8500 295037
9000 306483
9500 316182
10000 326015
10500 336063
11000 345372
11500 354757
12000 364709
12500 373459
13000 382445
13500 391657
14000 402337
14500 411763
15000 421419
15500 431727
16000 441030
16500 564315
17000 577707
17500 588012
18000 597461
18500 606676
19000 615784
19500 624972
20000 634301
20500 644218
21000 653404
21500 663920
22000 673522
22500 682654
23000 692267
23500 700568
24000 709643
24500 719873
25000 729037
25500 738200
26000 747418
26500 756588
27000 765604
27500 774683
28000 784541
28500 793704
29000 802731
29500 813111
30000 822580
30500 831897
31000 841089
31500 850720
32000 859980
32500 869341
33000 1102773
33500 1115495
34000 1124543
34500 1134743
35000 1144313
35500 1153736
36000 1163140
36500 1173470
37000 1182683
37500 1192406
38000 1202874
38500 1211949
39000 1221185
39500 1286644
40000 1301630
40500 1312845
41000 1323060
41500 1333099
42000 1342216
42500 1351511
43000 1361146
43500 1370186
44000 1380740
44500 1388854
45000 1398729
45500 1408589
46000 1417991
46500 1427009
47000 1436091
47500 1445172
48000 1454381
48500 1463482
49000 1473253
49500 1482428
50000 1491592
50500 1500757
51000 1509790
51500 1519039
52000 1529756
52500 1539656
53000 1549253
53500 1558635
54000 1568495
54500 1577756
55000 1586770
55500 1594844
56000 1604913
56500 1614444
57000 1623619
57500 1632692
58000 1641958
58500 1651034
59000 1660128
59500 1670063
60000 1680775
60500 1689820
61000 1699109
61500 1708073
62000 1717697
62500 1727237
63000 1737037
63500 1746203
64000 1755278
64500 1764489
65000 1773647
65500 1781721
66000 2236441
66500 2249311
67000 2258990
67500 2268524
68000 2277799
68500 2286861
69000 2296005
69500 2306169
70000 2315342
70500 2324566
71000 2333933
71500 2343133
72000 2352238
72500 2361669
73000 2371600
73500 2380913
74000 2392148
74500 2401538
75000 2411061
75500 2420466
76000 2429867
76500 2438582
77000 2448251
77500 2457535
78000 2466636
78500 2475632
79000 2485458
79500 2494687
80000 2504632
80500 2513891
81000 2522980
81500 2532023
82000 2542437
82500 2551503
83000 2561260
83500 2571201
84000 2580331
84500 2589461
85000 2598744
85500 2607813
86000 2617027
86500 2626417
87000 2636853
87500 2645044
88000 2654350
88500 2663599
89000 2672877
89500 2682006
90000 2693047
90500 2702743
91000 2712679
91500 2722308
92000 2731923
92500 2741315
93000 2750578
93500 2759946
94000 2769298
94500 2779112
95000 2788388
95500 2797719
96000 2807031
96500 2816298
97000 2825819
97500 2836526
98000 2845739
98500 2855148
99000 2864451
99500 2873717
99999 2882958
