0 0
500 40597
1000 82054
1500 120034
2000 160452
2500 205053
3000 244648
3500 282369
4000 319842
4500 357935
5000 394749
5500 434791
6000 473066
6500 510355
7000 547416
7500 623316
8000 661711
8500 701327
9000 739838
9500 775788
10000 812941
10500 851336
11000 889280
11500 927524
12000 963825
12500 1000820
13000 1038801
13500 1075961
14000 1115808
14500 1153903
15000 1193311
15500 1229782
16000 1267220
16500 1304069
17000 1340563
17500 1379319
18000 1417433
18500 1455351
19000 1491688
19500 1529492
20000 1568120
20500 1606278
21000 1644238
21500 1681490
22000 1719240
22500 1757540
23000 1798190
23500 1836358
24000 1873637
24500 1912354
25000 1951345
25500 1989925
26000 2027605
26500 2064909
27000 2102949
27500 2140224
28000 2177551
28500 2218426
29000 2255772
29500 2292488
30000 2329745
30500 2366219
31000 2406029
31500 2443481
32000 2480227
32500 2516115
33000 2553448
33500 2590446
34000 2630519
34500 2668597
35000 2705981
35500 2742488
36000 2779605
36500 2818532
37000 2856187
37500 2893586
38000 2930457
38500 2966213
39000 3005574
39500 3044293
40000 3081134
40500 3119395
41000 3155560
41500 3193424
42000 3232380
42500 3270318
43000 3307985
43500 3345057
44000 3380196
44500 3417469
45000 3456748
45500 3494493
46000 3532382
46500 3567977
47000 3604970
47500 3642378
48000 3681349
48500 3718746
49000 3756312
49500 3794845
50000 3832285
50500 3871170
51000 3908630
51500 3946023
52000 3982216
52500 4019111
53000 4056689
53500 4095936
54000 4133320
54500 4170886
55000 4209939
55500 4247650
56000 4286275
56500 4322807
57000 4360566
57500 4398826
58000 4435767
58500 4473365
59000 4511107
59500 4549740
60000 4650202
60500 4692253
61000 4729887
61500 4765579
62000 4805306
62500 4843911
63000 4882511
63500 4919790
64000 4957657
64500 4996143
65000 5032691
65500 5072964
66000 5110532
66500 5148333
67000 5184185
67500 5222926
68000 5263868
68500 5300435
69000 5337238
69500 5373296
70000 5411101
70500 5450139
71000 5489639
71500 5527574
72000 5562892
72500 5600184
73000 5636965
73500 5677108
74000 5714663
74500 5752204
75000 5790341
75500 5825914
76000 5865277
76500 5903633
77000 5941159
77500 5977405
78000 6013255
78500 6052319
79000 6091083
79500 6128440
80000 6165063
80500 6201157
81000 6237590
81500 6277251
82000 6316163
82500 6353805
83000 6388632
83500 6425848
84000 6463727
84500 6503004
85000 6540758
85500 6578373
86000 6615564
86500 6653910
87000 6692983
87500 6729862
88000 6768362
88500 6805615
89000 6842524
89500 6881646
90000 6919078
90500 6957965
91000 6994605
91500 7032696
92000 7072195
92500 7109208
93000 7149231
93500 7185958
94000 7224056
94500 7262387
95000 7300235
95500 7338852
96000 7376478
96500 7414326
97000 7450706
97500 7491096
98000 7528998
98500 7567365
99000 7605458
99500 7641371
99999 7680186
