0 0
500 75562
1000 162465
1500 257141
2000 352144
2500 453955
3000 557445
3500 659659
4000 762421
4500 877946
5000 996015
5500 1114986
6000 1234431
6500 1353019
7000 1471371
7500 1590475
8000 1709866
8500 1839521
9000 1975898
9500 2112441
10000 2249298
10500 2386145
11000 2532884
11500 2672224
12000 2809420
12500 2946531
13000 3082702
13500 3218973
14000 3367950
14500 3547668
15000 3705271
15500 3845074
16000 3981320
16500 4122699
17000 4283274
17500 4443900
18000 4604833
18500 4765241
19000 4925441
19500 5086710
20000 5247657
20500 5408639
21000 5568368
21500 5730189
22000 5890628
22500 6053307
23000 6216519
23500 6379912
24000 6554154
24500 6721376
25000 6883656
25500 7046841
26000 7209873
26500 7372682
27000 7535274
27500 7698702
28000 7861510
28500 8024936
29000 8187470
29500 8350387
30000 8513143
30500 8676712
31000 8839965
31500 9003036
32000 9182958
32500 9404573
33000 9585989
33500 9754722
34000 9918758
34500 10082993
35000 10248257
35500 10409983
36000 10577532
36500 10742409
37000 10905938
37500 11072831
38000 11237211
38500 11405980
39000 11572498
39500 11739557
40000 11905836
40500 12072254
41000 12240100
41500 12420702
42000 12601688
42500 12782352
43000 12960936
43500 13142335
44000 13321853
44500 13502624
45000 13681526
45500 13861940
46000 14039361
46500 14218386
47000 14396488
47500 14580255
48000 14763640
48500 14939950
49000 15118759
49500 15301624
50000 15489306
50500 15682388
51000 15867543
51500 16052260
52000 16243550
52500 16429231
53000 16614778
53500 16799431
54000 16985805
54500 17170632
55000 17356008
55500 17541283
56000 17729394
56500 17913068
57000 18099297
57500 18285296
58000 18482451
58500 18674664
59000 18864957
59500 19055044
60000 19246254
60500 19438106
61000 19629362
61500 19819951
62000 20009307
62500 20199836
63000 20388775
63500 20578674
64000 20789382
64500 20979607
65000 21169011
65500 21358971
66000 21573667
66500 21797941
67000 22025556
67500 22244237
68000 22462089
68500 22683200
69000 22903574
69500 23124915
70000 23342428
70500 23558661
71000 23776739
71500 23995889
72000 24214547
72500 24429500
73000 24647197
73500 24865870
74000 25084027
74500 25300201
75000 25516949
75500 25735612
76000 25955647
76500 26172801
77000 26390969
77500 26623392
78000 26846629
78500 27064874
79000 27283178
79500 27506388
80000 27728696
80500 27945587
81000 28162831
81500 28385131
82000 28607491
82500 28821574
83000 29035212
83500 29252737
84000 29472084
84500 29687499
85000 29903649
85500 30120803
86000 30341264
86500 30566855
87000 30785266
87500 31003449
88000 31226416
88500 31444132
89000 31684797
89500 31930215
90000 32162331
90500 32379073
91000 32597392
91500 32816879
92000 33039114
92500 33256931
93000 33474779
93500 33692944
94000 33914024
94500 34134098
95000 34352803
95500 34583320
96000 34809019
96500 35030057
97000 35247988
97500 35467941
98000 35690359
98500 35911480
99000 36127790
99500 36346302
99999 36567732
