0 0
500 138471
1000 263976
1500 476503
2000 518052
2500 557396
3000 941378
3500 984680
4000 1023809
4500 1062504
5000 1101372
5500 1830341
6000 1876705
6500 1929710
7000 1969658
7500 2007952
8000 2046800
8500 2085621
9000 2124179
9500 2162358
10000 2201199
10500 2238955
11000 3692479
11500 3744347
12000 3783614
12500 3821842
13000 3860877
13500 3898997
14000 3939944
14500 3978128
15000 4016729
15500 4055066
16000 4093419
16500 4131892
17000 4170821
17500 4209127
18000 4248550
18500 4287786
19000 4327479
19500 4366887
20000 4405875
20500 4445030
21000 4483842
21500 4522782
22000 7544164
22500 7600627
23000 7640069
23500 7678610
24000 7716848
24500 7755318
25000 7793869
25500 7832467
26000 7870812
26500 7909395
27000 7948021
27500 7987148
28000 8025996
28500 8064596
29000 8102755
29500 8141541
30000 8181163
30500 8220706
31000 8260515
31500 8300972
32000 8340724
32500 8379922
33000 8419018
33500 8458984
34000 8498227
34500 8537368
35000 8575772
35500 8615399
36000 8654516
36500 8693458
37000 8733453
37500 8773081
38000 8813404
38500 8852802
39000 8892161
39500 8932479
40000 8971028
40500 9010064
41000 9050384
41500 9090144
42000 9128997
42500 9167969
43000 9206901
43500 9246585
44000 15137508
44500 15194649
45000 15233742
45500 15272632
46000 15311189
46500 15349885
47000 15388822
47500 15427263
48000 15465748
48500 15504132
49000 15543038
49500 15580560
50000 15618620
50500 15653377
51000 15687901
51500 15722400
52000 15757024
52500 15792504
53000 15827702
53500 15863086
54000 15898191
54500 15933117
55000 15967829
55500 16003555
56000 16038973
56500 16073598
57000 16107731
57500 16142713
58000 16177208
58500 16211531
59000 16246217
59500 16281627
60000 16316292
60500 16351199
61000 16385856
61500 16421032
62000 16455985
62500 16490987
63000 16525629
63500 16560389
64000 16595016
64500 16629429
65000 16664442
65500 16699334
66000 16734518
66500 16770335
67000 16805826
67500 16840968
68000 16875151
68500 16910310
69000 16944867
69500 16979684
70000 17014866
70500 17049583
71000 17083950
71500 17118972
72000 17154439
72500 17189257
73000 17223983
73500 17258508
74000 17292929
74500 17327980
75000 17362919
75500 17397809
76000 17433095
76500 17468193
77000 17502793
77500 17537579
78000 17572808
78500 17608115
79000 17644366
79500 17679675
80000 17714814
80500 17749754
81000 17784512
81500 17819514
82000 17853804
82500 17888505
83000 17935984
83500 17971859
84000 18007991
84500 18042728
85000 18077614
85500 18111455
86000 18145816
86500 18180070
87000 18214697
87500 18249444
88000 18284099
88500 18318844
89000 18354184
89500 18389361
90000 18425148
90500 18460452
91000 18496177
91500 18531609
92000 18567637
92500 18603096
93000 18637384
93500 18672900
94000 18707913
94500 18742818
95000 18778141
95500 18813132
96000 18848545
96500 18883637
97000 18918925
97500 18953770
98000 18989254
98500 19024426
99000 19060132
99500 19095358
99998 19129825
