0 0
500 71195
1000 138830
1500 215267
2000 282130
2500 353296
3000 420709
3500 488641
4000 558296
4500 626168
5000 695060
5500 764867
6000 832979
6500 897229
7000 964960
7500 1050497
8000 1125616
8500 1194108
9000 1260933
9500 1326551
10000 1394319
10500 1464150
11000 1533043
11500 1599418
12000 1665767
12500 1734519
13000 1803014
13500 1870785
14000 1937067
14500 2003154
15000 2068457
15500 2136946
16000 2205755
16500 2272272
17000 2339349
17500 2403857
18000 2473247
18500 2542948
19000 2611606
19500 2678537
20000 2744361
20500 2812854
21000 2879064
21500 2948170
22000 3013339
22500 3077805
23000 3142075
23500 3206137
24000 3279132
24500 3343804
25000 3410015
25500 3477965
26000 3541806
26500 3613129
27000 3680314
27500 3767393
28000 3833838
28500 3903205
29000 3973560
29500 4042705
30000 4109732
30500 4176688
31000 4245320
31500 4309079
32000 4376070
32500 4448391
33000 4515310
33500 4584433
34000 4650912
34500 4719608
35000 4787529
35500 4853431
36000 4918851
36500 4984040
37000 5058840
37500 5126276
38000 5193925
38500 5259783
39000 5326752
39500 5393554
40000 5461523
40500 5528924
41000 5598734
41500 5663903
42000 5729188
42500 5798301
43000 5863471
43500 5931774
44000 5998187
44500 6064011
45000 6133095
45500 6198978
46000 6265111
46500 6333954
47000 6401496
47500 6469787
48000 6538804
48500 6603535
49000 6671792
49500 6736274
50000 6902969
50500 6924497
51000 6943568
51500 6962584
52000 6981302
52500 6999941
53000 7018679
53500 7037389
54000 7056241
54500 7074764
55000 7093474
55500 7112062
56000 7130818
56500 7149647
57000 7168235
57500 7186969
58000 7205635
58500 7224375
59000 7243011
59500 7261771
60000 7280488
60500 7299246
61000 7318132
61500 7336894
62000 7355542
62500 7374157
63000 7392948
63500 7411592
64000 7430548
64500 7449036
65000 7467828
65500 7486658
66000 7505313
66500 7524025
67000 7542626
67500 7561354
68000 7580219
68500 7598909
69000 7617869
69500 7636569
70000 7655523
70500 7674433
71000 7693158
71500 7711960
72000 7730875
72500 7749590
73000 7768313
73500 7786962
74000 7805646
74500 7824297
75000 7843049
75500 7861757
76000 7880540
76500 7899252
77000 7917981
77500 7936714
78000 7955480
78500 7974269
79000 7993179
79500 8011896
80000 8030562
80500 8049181
81000 8067875
81500 8086555
82000 8105321
82500 8123939
83000 8142735
83500 8161526
84000 8180165
84500 8198780
85000 8217687
85500 8236295
86000 8254912
86500 8273592
87000 8292431
87500 8310970
88000 8329641
88500 8348103
89000 8366880
89500 8385658
90000 8404485
90500 8423074
91000 8441958
91500 8460687
92000 8479288
92500 8497837
93000 8516460
93500 8535025
94000 8553704
94500 8572512
95000 8591303
95500 8609954
96000 8628650
96500 8647579
97000 8666269
97500 8685002
98000 8703843
98500 8722663
99000 8741501
99500 8759988
99998 8778564
