0 0
500 51591
1000 105789
1500 157985
2000 209745
2500 261330
3000 342845
3500 400188
4000 463708
4500 522484
5000 584712
5500 648405
6000 708000
6500 770459
7000 830338
7500 891955
8000 950889
8500 1016573
9000 1078767
9500 1139094
10000 1202161
10500 1263111
11000 1325746
11500 1388109
12000 1449822
12500 1513915
13000 1577961
13500 1641210
14000 1705852
14500 1768331
15000 1827992
15500 1891104
16000 1954028
16500 2014985
17000 2080890
17500 2142676
18000 2209411
18500 2268888
19000 2329742
19500 2392241
20000 2454898
20500 2521234
21000 2582890
21500 2644757
22000 2706257
22500 2771397
23000 2834291
23500 2897872
24000 2960051
24500 3021281
25000 3082539
25500 3146570
26000 3210466
26500 3273581
27000 3333971
27500 3394980
28000 3460934
28500 3525877
29000 3589020
29500 3648823
30000 3711611
30500 3773468
31000 3837602
31500 3903401
32000 3965574
32500 4028335
33000 4087807
33500 4148710
34000 4216839
34500 4278748
35000 4355328
35500 4413498
36000 4477117
36500 4542831
37000 4603564
37500 4665525
38000 4726846
38500 4788884
39000 4852069
39500 4918186
40000 4978164
40500 5039307
41000 5100875
41500 5162207
42000 5228381
42500 5291878
43000 5353053
43500 5414092
44000 5475144
44500 5540916
45000 5605848
45500 5669393
46000 5729943
46500 5790258
47000 5854251
47500 5914885
48000 5979301
48500 6042411
49000 6102800
49500 6165832
50000 6338965
50500 6406220
51000 6469667
51500 6533160
52000 6596086
52500 6658487
53000 6722081
53500 6784776
54000 6846927
54500 6909673
55000 6972067
55500 7035956
56000 7099653
56500 7163635
57000 7226404
57500 7290053
58000 7352930
58500 7416196
59000 7478943
59500 7542291
60000 7604801
60500 7667129
61000 7730524
61500 7794177
62000 7857543
62500 7920477
63000 7983750
63500 8046472
64000 8108847
64500 8171982
65000 8234766
65500 8298755
66000 8369202
66500 8432622
67000 8494112
67500 8557052
68000 8619185
68500 8681394
69000 8743858
69500 8807427
70000 8870236
70500 8932832
71000 8996136
71500 9060892
72000 9124622
72500 9188141
73000 9251491
73500 9313263
74000 9376281
74500 9439026
75000 9502271
75500 9565960
76000 9629559
76500 9692561
77000 9755409
77500 9818816
78000 9881954
78500 9945503
79000 10009294
79500 10071975
80000 10133791
80500 10196301
81000 10259371
81500 10322481
82000 10385096
82500 10448674
83000 10512412
83500 10574692
84000 10637159
84500 10699553
85000 10763112
85500 10826570
86000 10889159
86500 10951708
87000 11014759
87500 11078149
88000 11141956
88500 11205194
89000 11268126
89500 11331313
90000 11394065
90500 11456136
91000 11518900
91500 11582246
92000 11645530
92500 11708209
93000 11771830
93500 11835104
94000 11897779
94500 11960803
95000 12023723
95500 12086553
96000 12149511
96500 12212148
97000 12275018
97500 12349251
98000 12406749
98500 12470207
99000 12533043
99500 12594776
99998 12657633
