0 0
500 591793
1000 3116713
1500 7943011
2000 14632581
2500 23257531
3000 33826385
3500 46299265
4000 60687830
4500 77195194
5000 96049551
5500 117042219
6000 140136678
6500 165463171
7000 192989879
7500 222613203
8000 254417200
8500 288693678
9000 324623223
9500 362695267
10000 402721883
10500 444832933
11000 488998120
11500 535137392
12000 583359839
12500 633699858
13000 686106848
13500 740506903
14000 797769895
14500 856391092
15000 916991116
15500 980042177
16000 1044983033
16500 1112018193
17000 1181271394
17500 1252597603
18000 1326333535
18500 1401897494
19000 1479070132
19500 1559078515
20000 1641050186
20500 1724902247
21000 1811458578
21500 1899270103
22000 1988789323
22500 2080285433
23000 2173824841
23500 2269482499
24000 2367753803
24500 2468112096
25000 2570548225
25500 2680871526
26000 2790959482
26500 2914227891
27000 3042988495
27500 3173159091
28000 3306324535
28500 3436837871
29000 3555393011
29500 3676185356
30000 3799019680
30500 3952103562
31000 4114584276
31500 4279801062
32000 4422185702
32500 4555118763
33000 4690284846
33500 4827777175
34000 4966921349
34500 5108112476
35000 5251399765
35500 5397269432
36000 5545263636
36500 5695479755
37000 5848277609
37500 6003227955
38000 6160476507
38500 6319964357
39000 6507497279
39500 6686470661
40000 6852307225
40500 7020555741
41000 7216174335
41500 7390456381
42000 7566825644
42500 7744051959
43000 7925661887
43500 8115482663
44000 8314655380
44500 8508575244
45000 8691948198
45500 8877037605
46000 9063623373
46500 9252288191
47000 9443538502
47500 9636518384
48000 9831484503
48500 10028756386
