0 0
500 123984
1000 265525
1500 417668
2000 566876
2500 731003
3000 899091
3500 1067354
4000 1235014
4500 1418031
5000 1604648
5500 1793968
6000 1978691
6500 2162105
7000 2345229
7500 2541479
8000 2732802
8500 2931420
9000 3137096
9500 3347175
10000 3559784
10500 3768153
11000 3977816
11500 4191011
12000 4403145
12500 4613960
13000 4822536
13500 5032363
14000 5244046
14500 5456307
15000 5666200
15500 5879067
16000 6091021
16500 6320549
17000 6580037
17500 6826109
18000 7061168
18500 7305879
19000 7547076
19500 7786980
20000 8028302
20500 8268364
21000 8510384
21500 8752517
22000 8998066
22500 9236287
23000 9482861
23500 9722877
24000 9964475
24500 10207013
25000 10467167
25500 10715318
26000 10957389
26500 11199972
27000 11449431
27500 11695384
28000 11942330
28500 12188883
29000 12432101
29500 12679595
30000 12925129
30500 13168821
31000 13412172
31500 13655914
32000 13898953
32500 14141499
33000 14406752
33500 14680296
34000 14946430
34500 15214973
35000 15480963
35500 15752247
36000 16018350
36500 16285005
37000 16551544
37500 16822899
38000 17098144
38500 17364526
39000 17629755
39500 17895191
40000 18165295
40500 18442280
41000 18708977
41500 18984126
42000 19258707
42500 19534245
43000 19807586
43500 20083170
44000 20358998
44500 20632468
45000 20907290
45500 21181778
46000 21454559
46500 21725102
47000 21997039
47500 22268642
48000 22550224
48500 22823190
49000 23096601
49500 23372368
50000 23646262
50500 23693791
51000 23740977
51500 23789199
52000 23836748
52500 23884158
53000 23931403
53500 23978242
54000 24025837
54500 24073235
55000 24119910
55500 24166988
56000 24213711
56500 24260322
57000 24308550
57500 24356241
58000 24403844
58500 24451756
59000 24498582
59500 24544750
60000 24591768
60500 24638635
61000 24685423
61500 24732047
62000 24779068
62500 24826288
63000 24874091
63500 24921737
64000 24969406
64500 25016876
65000 25063740
65500 25111375
66000 25158889
66500 25205987
67000 25253619
67500 25304017
68000 25353402
68500 25401043
69000 25448176
69500 25495342
70000 25541663
70500 25589164
71000 25642433
71500 25691073
72000 25738971
72500 25786218
73000 25833230
73500 25880351
74000 25927240
74500 25973816
75000 26020468
75500 26067239
76000 26114684
76500 26161696
77000 26208609
77500 26255691
78000 26303434
78500 26349958
79000 26404724
79500 26453034
80000 26500676
80500 26548086
81000 26595480
81500 26642679
82000 26689812
82500 26736550
83000 26784001
83500 26830852
84000 26878221
84500 26925364
85000 26972467
85500 27019903
86000 27066824
86500 27113829
87000 27160004
87500 27207081
88000 27254322
88500 27301650
89000 27348410
89500 27395214
90000 27442664
90500 27490065
91000 27537603
91500 27584844
92000 27632213
92500 27679425
93000 27726719
93500 27773414
94000 27820941
94500 27868133
95000 27915101
95500 27962527
96000 28010116
96500 28057178
97000 28104411
97500 28151158
98000 28198392
98500 28245829
99000 28293226
99500 28340758
99998 28388317
