0 0
500 105426
1000 192941
1500 288980
2000 385142
2500 489024
3000 593585
3500 698237
4000 803000
4500 919678
5000 1039351
5500 1159548
6000 1280709
6500 1401235
7000 1520642
7500 1640955
8000 1761775
8500 1892722
9000 2030040
9500 2167944
10000 2306253
10500 2444209
11000 2581817
11500 2719705
12000 2858245
12500 2996331
13000 3133918
13500 3271678
14000 3409716
14500 3548104
15000 3685882
15500 3877686
16000 4021286
16500 4164567
17000 4326788
17500 4488955
18000 4650827
18500 4813232
19000 4975019
19500 5137042
20000 5299638
20500 5462213
21000 5624145
21500 5787191
22000 5948826
22500 6110619
23000 6272845
23500 6434925
24000 6596490
24500 6758632
25000 6920237
25500 7082847
26000 7244691
26500 7406753
27000 7568542
27500 7730910
28000 7944360
28500 8110493
29000 8272758
29500 8431807
30000 8589502
30500 8747505
31000 8905751
31500 9063856
32000 9221378
32500 9379327
33000 9550897
33500 9737562
34000 9924624
34500 10112846
35000 10300560
35500 10488179
36000 10675624
36500 10863297
37000 11050628
37500 11240465
38000 11429382
38500 11619206
39000 11856963
39500 12048650
40000 12237196
40500 12426675
41000 12616448
41500 12810642
42000 13003875
42500 13199197
43000 13394386
43500 13588862
44000 13781455
44500 13975988
45000 14171534
45500 14364089
46000 14556289
46500 14750406
47000 14944550
47500 15137270
48000 15328928
48500 15522905
49000 15716749
49500 15956817
50000 16150367
50500 16338462
51000 16526656
51500 16714576
52000 16902179
52500 17090369
53000 17278123
53500 17465664
54000 17652863
54500 17840705
55000 18029188
55500 18217040
56000 18403837
56500 18591771
57000 18779939
57500 18970059
58000 19166769
58500 19363202
59000 19560184
59500 19762662
60000 19961732
60500 20157536
61000 20354009
61500 20550454
62000 20745481
62500 20941192
63000 21136254
63500 21332631
64000 21527979
64500 21723020
65000 21918430
65500 22114786
66000 22344929
66500 22557853
67000 22765361
67500 22971492
68000 23182818
68500 23387664
69000 23594576
69500 23806902
70000 24015834
70500 24224101
71000 24429848
71500 24635853
72000 24843483
72500 25051632
73000 25258340
73500 25465977
74000 25674964
74500 25889660
75000 26101373
75500 26314930
76000 26527897
76500 26743488
77000 26955880
77500 27169177
78000 27382377
78500 27597999
79000 27816193
79500 28030230
80000 28243444
80500 28458641
81000 28671713
81500 28886885
82000 29113676
82500 29364884
83000 29605764
83500 29844070
84000 30076629
84500 30298327
85000 30519324
85500 30744351
86000 30979857
86500 31221699
87000 31452792
87500 31681955
88000 31914494
88500 32160720
89000 32425152
89500 32690611
90000 32953744
90500 33203992
91000 33433529
91500 33657573
92000 33879585
92500 34103814
93000 34330234
93500 34552193
94000 34773324
94500 34996639
95000 35216989
95500 35445916
96000 35670967
96500 35899225
97000 36123116
97500 36345103
98000 36566977
98500 36808240
99000 37053144
99500 37290444
100000 37543752
100500 37791673
101000 38052020
101500 38308677
102000 38567519
102500 38835884
103000 39089291
103500 39337924
104000 39577665
104500 39868198
105000 40102040
105500 40326646
106000 40554282
106500 40792770
107000 41027009
107500 41253423
108000 41482567
108500 41711480
109000 41952308
109500 42190794
110000 42451385
110500 42719737
111000 42992858
111500 43252334
112000 43496193
112500 43769164
113000 44017406
113500 44248635
114000 44476641
114500 44709107
115000 44936494
115500 45176763
116000 45421477
116500 45679422
117000 45936541
117500 46188282
118000 46428788
118500 46667023
119000 46916289
119500 47148683
120000 47381728
120500 47618491
121000 47851672
121500 48083847
122000 48313886
122500 48547828
123000 48783646
123500 49014300
124000 49244448
124500 49488644
125000 49740234
125500 49987939
126000 50232096
126500 50471794
127000 50709107
127500 50952603
128000 51211669
128500 51496173
129000 51784149
129500 52055111
130000 52314633
130500 52579930
131000 52860780
131500 53184627
132000 53515274
132500 53819682
133000 54130352
133500 54418350
134000 54696628
134500 54971375
135000 55251171
135500 55521254
136000 55794728
136500 56068949
137000 56335835
137500 56636578
138000 56929032
138500 57197015
139000 57458975
139500 57716764
140000 57975536
140500 58228655
141000 58484498
141500 58739585
142000 58997089
142500 59252309
143000 59505342
143500 59766749
144000 60027416
144500 60285471
145000 60542161
145500 60800971
146000 61059639
146500 61317317
147000 61574076
147500 61832954
148000 62088079
148500 62340885
149000 62596639
149500 62851576
150000 63109103
150500 63365724
151000 63618112
151500 63879896
152000 64137947
152500 64395649
153000 64649802
153500 64913923
154000 65175373
154500 65456174
155000 65731608
155500 65999257
156000 66256036
156500 66511176
157000 66766479
157500 67022460
158000 67277846
158500 67534798
159000 67793858
159500 68050244
160000 68307130
160500 68565436
161000 68825313
161500 69084714
162000 69341928
162500 69599907
163000 69858305
163500 70116045
164000 70378347
164500 70646347
165000 70922063
165500 71191393
166000 71467692
166500 71737001
167000 72019424
167500 72288768
168000 72567032
168500 72835330
169000 73115333
169500 73381793
170000 73659397
170500 73926191
171000 74204016
171500 74471864
172000 74752476
172500 75027066
173000 75310936
173500 75590337
174000 75882156
174500 76164312
175000 76452226
175500 76735516
176000 77024628
176500 77307508
177000 77592310
177500 77876157
178000 78163965
178500 78447005
179000 78731545
179500 79014458
180000 79302686
180500 79593287
181000 79902463
181500 80193604
182000 80484173
182500 80775033
183000 81048598
183500 81313647
184000 81571735
184500 81831515
185000 82087381
185500 82342748
186000 82597727
186500 82854929
187000 83120111
187500 83381137
188000 83639882
188500 83902624
189000 84156541
189500 84412537
190000 84666348
190500 84923765
191000 85177468
191500 85433061
192000 85685849
192500 85942266
193000 86199226
193500 86458511
194000 86713316
194500 86975657
195000 87231928
195500 87490823
196000 87752077
196500 88013969
197000 88268924
197500 88525228
198000 88781906
198500 89039734
199000 89296827
199500 89553927
200000 89811135
200500 90068804
201000 90328791
201500 90602888
202000 90874013
202500 91155347
203000 91433986
203500 91701332
204000 91966865
204500 92229652
205000 92496818
205500 92771943
206000 93048208
206500 93319947
207000 93577600
207500 93835892
208000 94095240
208500 94352850
209000 94611568
209500 94874412
210000 95134886
210500 95396219
211000 95658785
211500 95927987
212000 96190838
212500 96450010
213000 96712019
213500 96978953
214000 97248028
214500 97507566
215000 97771297
215500 98031940
216000 98300814
216500 98574665
217000 98838741
217500 99110225
218000 99376415
218500 99643669
219000 99913425
219500 100173765
220000 100448229
220500 100744654
221000 101019073
221500 101291295
222000 101580294
222500 101861907
223000 102137860
223500 102419989
224000 102706732
224500 102997283
225000 103287327
225500 103597297
226000 103910772
226500 104211919
227000 104500556
227500 104778352
228000 105054721
228500 105326975
229000 105592892
229500 105853608
230000 106118270
230500 106398025
231000 106687131
231500 106985790
232000 107301892
232500 107624575
233000 107946963
233500 108270063
234000 108594173
234500 108915235
235000 109237483
235500 109559501
236000 109883377
236500 110201622
237000 110525662
237500 110847912
238000 111169739
238500 111488419
239000 111817654
239500 112139914
240000 112467449
240500 112790176
241000 113116745
241500 113441190
242000 113768592
242500 114091185
243000 114419020
243500 114744778
244000 115075113
244500 115397364
245000 115723849
245500 116054670
246000 116381354
246500 116699876
247000 117019838
247500 117342207
248000 117665574
248500 117987729
249000 118309777
249500 118633016
250000 118956060
250500 119038085
251000 119117166
251500 119193755
252000 119269516
252500 119347109
253000 119422026
253500 119497928
254000 119571585
254500 119648905
255000 119724941
255500 119804499
256000 119880218
256500 119955770
257000 120030414
257500 120105057
258000 120178690
258500 120257709
259000 120334768
259500 120411197
260000 120487043
260500 120563969
261000 120639536
261500 120714180
262000 120788601
262500 120867205
263000 120947960
263500 121024288
264000 121098522
264500 121176526
265000 121251444
265500 121328541
266000 121406518
266500 121486964
267000 121563885
267500 121640371
268000 121716069
268500 121792417
269000 121868305
269500 121943461
270000 122018413
270500 122096344
271000 122172864
271500 122248413
272000 122323710
272500 122401019
273000 122477248
273500 122553877
274000 122630772
274500 122710771
275000 122791308
275500 122868745
276000 122946391
276500 123024320
277000 123102878
277500 123179506
278000 123257784
278500 123336872
279000 123418117
279500 123494387
280000 123573037
280500 123653168
281000 123734382
281500 123820323
282000 123905232
282500 123989852
283000 124073201
283500 124150494
284000 124226535
284500 124302832
285000 124379243
285500 124455043
286000 124530264
286500 124605512
287000 124683186
287500 124759417
288000 124835543
288500 124911005
289000 124988304
289500 125064237
290000 125140825
290500 125217840
291000 125299994
291500 125378155
292000 125455312
292500 125532819
293000 125610796
293500 125687175
294000 125764693
294500 125842910
295000 125924296
295500 126002506
296000 126079902
296500 126158583
297000 126239356
297500 126319534
298000 126400401
298500 126481754
299000 126566137
299500 126646646
300000 126723023
300500 126801047
301000 126877160
301500 126955763
302000 127032488
302500 127110982
303000 127191129
303500 127271738
304000 127348507
304500 127426837
305000 127506478
305500 127587318
306000 127666587
306500 127754727
307000 127839827
307500 127924677
308000 128002185
308500 128083163
309000 128163690
309500 128246900
310000 128327086
310500 128410599
311000 128493894
311500 128580826
312000 128660725
312500 128744549
313000 128828315
313500 128914956
314000 128998933
314500 129085260
315000 129171473
315500 129258232
316000 129343804
316500 129425558
317000 129506606
317500 129585173
318000 129665922
318500 129745339
319000 129825866
319500 129904642
320000 129985452
320500 130066394
321000 130146661
321500 130225326
322000 130303724
322500 130381763
323000 130460129
323500 130538490
324000 130619107
324500 130722250
325000 130838422
325500 130949931
326000 131046715
326500 131127253
327000 131206642
327500 131287245
328000 131366671
328500 131447296
329000 131527328
329500 131606681
330000 131683981
330500 131768193
331000 131850506
331500 131941251
332000 132018577
332500 132101795
333000 132183790
333500 132264805
334000 132342998
334500 132424437
335000 132502538
335500 132583274
336000 132661927
336500 132743725
337000 132823766
337500 132903911
338000 132981351
338500 133061727
339000 133139733
339500 133219235
340000 133296871
340500 133379144
341000 133461012
341500 133542851
342000 133622205
342500 133702536
343000 133782832
343500 133862190
344000 133941613
344500 134022283
345000 134102589
345500 134183093
346000 134261109
346500 134339919
347000 134418472
347500 134497608
348000 134578398
348500 134664828
349000 134747811
349500 134829209
350000 134909427
350500 134988827
351000 135069752
351500 135148388
352000 135229259
352500 135308738
353000 135389660
353500 135470258
354000 135549658
354500 135627192
355000 135706964
355500 135789932
356000 135871691
356500 135949887
357000 136032596
357500 136114287
358000 136196077
358500 136274672
359000 136355503
359500 136453028
360000 136547816
360500 136633823
361000 136716561
361500 136796644
362000 136876718
362500 136954496
363000 137033993
363500 137112148
364000 137191825
364500 137270654
365000 137353055
365500 137435322
366000 137516979
366500 137597060
367000 137676918
367500 137756709
368000 137836768
368500 137916875
369000 137996996
369500 138077550
370000 138156921
370500 138235490
371000 138312836
371500 138391351
372000 138470850
372500 138550955
373000 138631338
373500 138714446
374000 138799812
374500 138896115
375000 138974907
375500 139055705
376000 139134976
376500 139216151
377000 139297435
377500 139378615
378000 139474862
378500 139566422
379000 139646560
379500 139726892
380000 139813341
380500 139901868
381000 139994081
381500 140080021
382000 140160874
382500 140241358
383000 140319483
383500 140404836
384000 140484252
384500 140563375
385000 140641153
385500 140720341
386000 140799789
386500 140878799
387000 140955608
387500 141033240
388000 141110531
388500 141187531
389000 141264383
389500 141343782
390000 141425205
390500 141505589
391000 141584957
391500 141672094
392000 141759342
392500 141838819
393000 141927638
393500 142010673
394000 142090567
394500 142169512
395000 142247358
395500 142324816
396000 142402920
396500 142479678
397000 142558391
397500 142636805
398000 142718589
398500 142798774
399000 142878457
399500 142955749
400000 143035824
400500 143113714
401000 143193166
401500 143270918
402000 143351100
402500 143429900
403000 143509097
403500 143585488
404000 143664008
404500 143749429
405000 143829144
405500 143907140
406000 143988818
406500 144069345
407000 144150094
407500 144228143
408000 144307321
408500 144385327
409000 144463731
409500 144543052
410000 144623388
410500 144703044
411000 144782978
411500 144861048
412000 144940429
412500 145018324
413000 145099207
413500 145180252
414000 145264032
414500 145345040
415000 145425391
415500 145505016
416000 145583005
416500 145662711
417000 145740123
417500 145819523
418000 145898050
418500 145978321
419000 146056639
419500 146134586
420000 146211717
420500 146289939
421000 146366000
421500 146444533
422000 146523979
422500 146605974
423000 146686897
423500 146767302
424000 146845293
424500 146924000
425000 147002254
425500 147082029
426000 147160992
426500 147241830
427000 147321205
427500 147400670
428000 147478777
428500 147559047
429000 147637621
429500 147718347
430000 147805427
430500 147890059
431000 147970792
431500 148051016
432000 148130244
432500 148209704
433000 148288339
433500 148367321
434000 148446574
434500 148527724
435000 148606864
435500 148686026
436000 148763972
436500 148843794
437000 148921794
437500 149002831
438000 149084781
438500 149168096
439000 149250019
439500 149330953
440000 149410999
440500 149491726
441000 149571921
441500 149654033
442000 149736378
442500 149820443
443000 149901666
443500 149983629
444000 150066719
444500 150150148
445000 150232574
445500 150318644
446000 150404365
446500 150490561
447000 150574839
447500 150680501
448000 150769652
448500 150860468
449000 150945052
449500 151024426
450000 151103755
450500 151182366
451000 151262228
451500 151341372
452000 151421148
452500 151499294
453000 151577498
453500 151655798
454000 151738535
454500 151818934
455000 151899716
455500 151981863
456000 152063138
456500 152143460
457000 152222442
457500 152302677
458000 152380993
458500 152460846
459000 152541484
459500 152621365
460000 152700986
460500 152779555
461000 152858847
461500 152937335
462000 153018123
462500 153099337
463000 153181657
463500 153262760
464000 153343478
464500 153424069
465000 153501479
465500 153581912
466000 153659894
466500 153740346
467000 153819830
467500 153901001
468000 153980455
468500 154059507
469000 154137295
469500 154217167
470000 154302740
470500 154386661
471000 154468224
471500 154552467
472000 154633482
472500 154714639
473000 154794544
473500 154875928
474000 154956201
474500 155038454
475000 155125827
475500 155214304
476000 155294986
476500 155377709
477000 155460716
477500 155543891
478000 155627347
478500 155713511
479000 155804736
479500 155887588
480000 155948398
480500 156007362
481000 156066641
481500 156125432
482000 156184296
482500 156242334
483000 156300864
483500 156359225
484000 156418403
484500 156476408
485000 156534138
485500 156592570
486000 156651971
486500 156710806
487000 156770182
487500 156829469
488000 156909596
488500 156990644
489000 157072437
489500 157152530
490000 157233782
490500 157314754
491000 157397296
491500 157481152
492000 157564399
492500 157645383
493000 157728564
493500 157812638
494000 157896033
494500 157981372
495000 158067498
495500 158154150
496000 158236893
496500 158313777
497000 158392755
497500 158473397
498000 158554517
498500 158635891
499000 158715835
499500 158795748
500000 158882290
