0 0
500 32466
1000 54096
1500 74821
2000 83369
2500 113725
3000 124256
3500 133856
4000 141909
4500 179969
5000 190833
5500 201378
6000 210613
6500 220225
7000 228318
7500 237442
8000 246514
8500 312592
9000 324031
9500 333895
10000 344696
10500 354763
11000 364715
11500 374209
12000 384144
12500 393461
13000 402678
13500 411766
14000 420875
14500 429962
15000 439153
15500 448975
16000 458183
16500 576895
17000 591869
17500 601236
18000 610976
18500 620741
19000 630005
19500 639149
20000 648376
20500 658266
21000 667426
21500 676683
22000 685769
22500 694866
23000 703932
23500 713111
24000 723018
24500 732566
25000 743099
25500 752977
26000 762657
26500 772467
27000 781800
27500 791755
28000 801096
28500 809185
29000 818357
29500 827479
30000 836613
30500 845712
31000 854917
31500 864695
32000 873956
32500 883096
33000 1115746
33500 1129076
34000 1139144
34500 1149043
35000 1158187
35500 1167328
36000 1177484
36500 1186746
37000 1196001
37500 1205448
38000 1215376
38500 1224464
39000 1232605
39500 1241732
40000 1251011
40500 1260099
41000 1269217
41500 1278988
42000 1288412
42500 1297471
43000 1306587
43500 1315573
44000 1326231
44500 1335580
45000 1345784
45500 1354862
46000 1363926
46500 1372966
47000 1382000
47500 1391045
48000 1400235
48500 1410048
49000 1419397
49500 1427456
50000 1436436
50500 1445534
51000 1454766
51500 1463863
52000 1474247
52500 1484396
53000 1494302
53500 1503803
54000 1513030
54500 1521995
55000 1531011
55500 1540145
56000 1549864
56500 1559034
57000 1568519
57500 1578267
58000 1587324
58500 1596419
59000 1605522
59500 1616669
60000 1627060
60500 1635948
61000 1645520
61500 1655258
62000 1664830
62500 1673912
63000 1683577
63500 1692839
64000 1701738
64500 1710672
65000 1719584
65500 1727554
66000 2170044
66500 2183429
67000 2193343
67500 2202882
68000 2212026
68500 2221140
69000 2230975
69500 2240280
70000 2249358
70500 2258339
71000 2266318
71500 2275350
72000 2284328
72500 2293455
73000 2303234
73500 2313732
74000 2323573
74500 2333102
75000 2342408
75500 2351543
76000 2360715
76500 2370381
77000 2379497
77500 2388612
78000 2397729
78500 2406636
79000 2415787
79500 2424906
80000 2434698
80500 2443863
81000 2453378
81500 2463059
82000 2472599
82500 2482695
83000 2546161
83500 2560515
84000 2570548
84500 2579841
85000 2589000
85500 2598004
86000 2607124
86500 2616268
87000 2626305
87500 2635460
88000 2644690
88500 2653626
89000 2662669
89500 2673088
90000 2682673
90500 2692775
91000 2701904
91500 2710917
92000 2720162
92500 2728158
93000 2737282
93500 2746454
94000 2755627
94500 2765377
95000 2774491
95500 2783541
96000 2792603
96500 2801711
97000 2810749
97500 2821198
98000 2831823
98500 2841513
99000 2851089
99500 2860697
100000 2870013
100500 2879155
101000 2888504
101500 2898163
102000 2907262
102500 2916272
103000 2924267
103500 2933493
104000 2942677
104500 2951711
105000 2961444
105500 2972709
106000 2982363
106500 2991767
107000 3001370
107500 3010999
108000 3020076
108500 3029958
109000 3039122
109500 3048215
110000 3057343
110500 3066334
111000 3075295
111500 3084409
112000 3094161
112500 3103330
113000 3113643
113500 3121782
114000 3131112
114500 3140748
115000 3151037
115500 3160682
116000 3170450
116500 3179634
117000 3188806
117500 3197981
118000 3207070
118500 3216187
119000 3225386
119500 3235281
120000 3244943
120500 3254542
121000 3265447
121500 3274775
122000 3284312
122500 3293810
123000 3304268
123500 3313649
124000 3322914
124500 3330929
125000 3340082
125500 3349172
126000 3358202
126500 3367852
127000 3377091
127500 3386115
128000 3395275
128500 3404492
129000 3414752
129500 3424314
130000 3434544
130500 3444055
131000 3452182
131500 4526765
132000 4542812
132500 4550309
133000 4557213
133500 4564019
134000 4570646
134500 4577216
135000 4583829
135500 4590430
136000 4597153
136500 4603735
137000 4610283
137500 4616848
138000 4623388
138500 4629984
139000 4636547
139500 4643178
140000 4650160
140500 4656792
141000 4663407
141500 4670004
142000 4676665
142500 4683237
143000 4689819
143500 4696393
144000 4703019
144500 4709776
145000 4716367
145500 4722938
146000 4729672
146500 4736265
147000 4749307
147500 4758360
148000 4766069
148500 4774040
149000 4781390
149500 4788233
150000 4794794
150500 4801371
151000 4807963
151500 4814553
152000 4821138
152500 4827790
153000 4834560
153500 4841175
154000 4847806
154500 4854410
155000 4861024
155500 4867797
156000 4874458
156500 4881102
157000 4887686
157500 4894254
158000 4900856
158500 4907501
159000 4914273
159500 4920870
160000 4927465
160500 4934063
161000 4940625
161500 4947206
162000 4953843
162500 4960479
163000 4967072
163500 4973660
164000 4980196
164500 4986805
165000 4993393
165500 4999972
166000 5006588
166500 5013357
167000 5020004
167500 5026606
168000 5033215
168500 5039846
169000 5046436
169500 5053117
170000 5059686
170500 5066289
171000 5072812
171500 5079409
172000 5086002
172500 5092596
173000 5099184
173500 5105866
174000 5112519
174500 5119090
175000 5125798
175500 5132474
176000 5139088
176500 5145677
177000 5152379
177500 5159002
178000 5165508
178500 5172090
179000 5178679
179500 5185289
180000 5191939
180500 5198658
181000 5205361
181500 5212022
182000 5218661
182500 5225241
183000 5231829
183500 5238439
184000 5245038
184500 5251685
185000 5258290
185500 5264932
186000 5271496
186500 5278117
187000 5284745
187500 5291402
188000 5298017
188500 5304635
189000 5311507
189500 5318067
190000 5324662
190500 5331257
191000 5337894
191500 5344485
192000 5351057
192500 5357608
193000 5364173
193500 5370766
194000 5377331
194500 5383937
195000 5390590
195500 5397207
196000 5403825
196500 5410418
197000 5417209
197500 5423801
198000 5430418
198500 5437237
199000 5443903
199500 5450494
200000 5457144
200500 5463806
201000 5470438
201500 5477135
202000 5483715
202500 5490286
203000 5496871
203500 5503454
204000 5510115
204500 5516765
205000 5523353
205500 5529989
206000 5536569
206500 5543172
207000 5549854
207500 5556447
208000 5563119
208500 5569765
209000 5576399
209500 5582972
210000 5589532
210500 5596090
211000 5602743
211500 5609345
212000 5615942
212500 5622549
213000 5629142
213500 5635752
214000 5642541
214500 5649189
215000 5655818
215500 5662457
216000 5669143
216500 5675809
217000 5682382
217500 5689002
218000 5695758
218500 5702443
219000 5709066
219500 5715709
220000 5722368
220500 5729121
221000 5735935
221500 5742595
222000 5749299
222500 5755880
223000 5762460
223500 5769099
224000 5775772
224500 5782371
225000 5788999
225500 5795695
226000 5802321
226500 5808890
227000 5815505
227500 5822136
228000 5828748
228500 5835341
229000 5841921
229500 5848538
230000 5855310
230500 5861888
231000 5868518
231500 5875131
232000 5881837
232500 5888582
233000 5895169
233500 5901776
234000 5908407
234500 5914995
235000 5921521
235500 5928119
236000 5934711
236500 5941388
237000 5948057
237500 5954738
238000 5961365
238500 5968085
239000 5974704
239500 5981365
240000 5987960
240500 5994582
241000 6001190
241500 6007780
242000 6014332
242500 6020962
243000 6027625
243500 6034271
244000 6041041
244500 6047731
245000 6054310
245500 6060886
246000 6067485
246500 6074154
247000 6080836
247500 6087456
248000 6094058
248500 6100697
249000 6107286
249500 6113866
250000 6120459
250500 6157041
251000 6195953
251500 6229329
252000 6263320
252500 6296946
253000 6330750
253500 6364605
254000 6400112
254500 6433445
255000 6466085
255500 6559001
256000 6597275
256500 6631740
257000 6666902
257500 6701725
258000 6737197
258500 6772816
259000 6810572
259500 6844607
260000 6879724
260500 6913835
261000 6948112
261500 6982658
262000 7017022
262500 7050600
263000 7084304
263500 7119292
264000 7153870
264500 7187995
265000 7222770
265500 7257915
266000 7293933
266500 7328973
267000 7362172
267500 7396261
268000 7430090
268500 7464038
269000 7497702
269500 7532104
270000 7565475
270500 7598219
271000 7632079
271500 7665965
272000 7699344
272500 7733148
273000 7768099
273500 7804214
274000 7838297
274500 7872141
275000 7906753
275500 7942435
276000 7976637
276500 8011283
277000 8045821
277500 8081971
278000 8117018
278500 8152908
279000 8188244
279500 8224492
280000 8260106
280500 8295779
281000 8332151
281500 8370289
282000 8403865
282500 8437888
283000 8472461
283500 8512274
284000 8547219
284500 8581179
285000 8615264
285500 8649617
286000 8683926
286500 8717637
287000 8751735
287500 8787739
288000 8824330
288500 8860948
289000 8897706
289500 8932146
290000 8965768
290500 9000052
291000 9036095
291500 9070327
292000 9106099
292500 9140148
293000 9176062
293500 9209656
294000 9243266
294500 9277698
295000 9313202
295500 9347917
296000 9383580
296500 9419774
297000 9457621
297500 9491308
298000 9525700
298500 9560257
299000 9596636
299500 9632610
300000 9667999
300500 9703514
301000 9739597
301500 9774422
302000 9808843
302500 9844276
303000 9880115
303500 9915949
304000 9953369
304500 9991129
305000 10027937
305500 10062731
306000 10097093
306500 10132301
307000 10167182
307500 10202416
308000 10238515
308500 10276167
309000 10312735
309500 10349088
310000 10384476
310500 10420381
311000 10457868
311500 10546128
312000 10587521
312500 10629500
313000 10663717
313500 10697236
314000 10731299
314500 10766573
315000 10801218
315500 10835767
316000 10870099
316500 10905285
317000 10939414
317500 10973873
318000 11008769
318500 11044485
319000 11079269
319500 11115157
320000 11150864
320500 11187094
321000 11220894
321500 11255386
322000 11290217
322500 11325990
323000 11360932
323500 11395258
324000 11430473
324500 11466322
325000 11501588
325500 11537196
326000 11572725
326500 11609164
327000 11645352
327500 11682877
328000 11721357
328500 11758392
329000 11793830
329500 11829316
330000 11865587
330500 11902164
331000 11939664
331500 11975885
332000 12013920
332500 12049334
333000 12084566
333500 12123540
334000 12160087
334500 12194975
335000 12229974
335500 12265216
336000 12303828
336500 12344362
337000 12385718
337500 12427061
338000 12469561
338500 12511160
339000 12553418
339500 12596599
340000 12639725
340500 12681262
341000 12723735
341500 12765897
342000 12808763
342500 12851545
343000 12894528
343500 12938371
344000 12979401
344500 13013956
345000 13048483
345500 13083320
346000 13118295
346500 13153400
347000 13188898
347500 13225457
348000 13260394
348500 13294857
349000 13330472
349500 13366138
350000 13401624
350500 13437306
351000 13473079
351500 13509713
352000 13545367
352500 13579972
353000 13615528
353500 13650897
354000 13686488
354500 13724114
355000 13760927
355500 13798536
356000 13834413
356500 13870538
357000 13906228
357500 13943065
358000 13980763
358500 14018080
359000 14055918
359500 14095069
360000 14131603
360500 14167470
361000 14203182
361500 14240017
362000 14277189
362500 14314413
363000 14351775
363500 14389254
364000 14425201
364500 14461607
365000 14505407
365500 14545335
366000 14583230
366500 14621406
367000 14660913
367500 14699392
368000 14736306
368500 14773151
369000 14810398
369500 14847669
370000 14885623
370500 14922990
371000 14962511
371500 15001531
372000 15040795
372500 15080027
373000 15120619
373500 15159031
374000 15197741
374500 15236352
375000 15279569
375500 15315864
376000 15349700
376500 15383099
377000 15417238
377500 15450617
378000 15485098
378500 15519850
379000 15555178
379500 15589595
380000 15624347
380500 15659237
381000 15694687
381500 15729410
382000 15765173
382500 15801444
383000 15837896
383500 15871499
384000 15905974
384500 15940310
385000 15974992
385500 16010043
386000 16044873
386500 16079790
387000 16115276
387500 16150113
388000 16185631
388500 16222481
389000 16259213
389500 16296398
390000 16333284
390500 16370482
391000 16406133
391500 16440022
392000 16473686
392500 16507683
393000 16542091
393500 16576561
394000 16611367
394500 16646666
395000 16681726
395500 16717394
396000 16754376
396500 16790807
397000 16826738
397500 16863200
398000 16900583
398500 16939107
399000 16973937
399500 17009002
400000 17042848
400500 17079487
401000 17120072
401500 17159925
402000 17201706
402500 17241672
403000 17277705
403500 17313766
404000 17350268
404500 17387740
405000 17424695
405500 17461946
406000 17499672
406500 17537273
407000 17572128
407500 17606592
408000 17641119
408500 17676431
409000 17710793
409500 17745800
410000 17781210
410500 17816288
411000 17851635
411500 17887289
412000 17923565
412500 17963462
413000 18000797
413500 18037117
414000 18073851
414500 18109383
415000 18143820
415500 18178711
416000 18213629
416500 18246946
417000 18285850
417500 18320404
418000 18356573
418500 18393043
419000 18429432
419500 18465707
420000 18510454
420500 18547773
421000 18585431
421500 18622804
422000 18661675
422500 18699179
423000 18736826
423500 18774521
424000 18812882
424500 18850572
425000 18888669
425500 18927886
426000 18965389
426500 19000188
427000 19035832
427500 19072323
428000 19108642
428500 19144363
429000 19181000
429500 19216999
430000 19254069
430500 19290462
431000 19326446
431500 19363440
432000 19400364
432500 19437304
433000 19474348
433500 19512864
434000 19549422
434500 19586263
435000 19623125
435500 19660564
436000 19698298
436500 19737062
437000 19775896
437500 19819213
438000 19854924
438500 19890274
439000 19924867
439500 19961222
440000 19996403
440500 20031951
441000 20068223
441500 20104422
442000 20139174
442500 20174007
443000 20208450
443500 20243643
444000 20279200
444500 20315408
445000 20352594
445500 20389207
446000 20423917
446500 20459019
447000 20493918
447500 20529270
448000 20565180
448500 20600980
449000 20637678
449500 20674062
450000 20710389
450500 20747304
451000 20784039
451500 20821159
452000 20857906
452500 20895051
453000 20932558
453500 20968669
454000 21002829
454500 21037212
455000 21072465
455500 21106926
456000 21141544
456500 21177072
457000 21214255
457500 21250493
458000 21286563
458500 21322954
459000 21359549
459500 21396499
460000 21433763
460500 21471078
461000 21509545
461500 21545905
462000 21582194
462500 21618189
463000 21655167
463500 21690981
464000 21727799
464500 21764900
465000 21803158
465500 21839882
466000 21876849
466500 21913472
467000 21952466
467500 21990853
468000 22029122
468500 22068189
469000 22108020
469500 22143965
470000 22180298
470500 22217158
471000 22253601
471500 22289896
472000 22326639
472500 22363733
473000 22400928
473500 22437477
474000 22480640
474500 22519050
475000 22556265
475500 22593927
476000 22632460
476500 22671329
477000 22709006
477500 22745874
478000 22782764
478500 22820230
479000 22856919
479500 22895603
480000 22933172
480500 22972583
481000 23009115
481500 23046206
482000 23083087
482500 23121528
483000 23159856
483500 23199021
484000 23237628
484500 23279062
485000 23318469
485500 23358859
486000 23399883
486500 23441610
487000 23482064
487500 23523854
488000 23565430
488500 23607886
489000 23649221
489500 23690711
490000 23732653
490500 23774782
491000 23816830
491500 23859922
492000 23903422
492500 23943817
493000 23981394
493500 24020132
494000 24059795
494500 24099245
495000 24138305
495500 24178160
496000 24220162
496500 24260967
497000 24301362
497500 24342210
498000 24384430
498500 24426091
499000 24468773
499500 24511061
500000 24556184
