0 0
500 106922
1000 174669
1500 295442
2000 315454
2500 333764
3000 550280
3500 571549
4000 590086
4500 608508
5000 626884
5500 1051495
6000 1073238
6500 1091814
7000 1110084
7500 1128193
8000 1146564
8500 1164845
9000 1183155
9500 1201259
10000 1219478
10500 1237803
11000 2063654
11500 2086239
12000 2105603
12500 2124651
13000 2143683
13500 2162809
14000 2182789
14500 2201766
15000 2220638
15500 2239481
16000 2258402
16500 2277326
17000 2296270
17500 2315113
18000 2334004
18500 2353102
19000 2371933
19500 2390789
20000 2409599
20500 2428465
21000 2447653
21500 2466418
22000 4174465
22500 4201548
23000 4221539
23500 4241161
24000 4260989
24500 4280801
25000 4300446
25500 4320339
26000 4340000
26500 4359793
27000 4379641
27500 4399928
28000 4419691
28500 4439310
29000 4459153
29500 4478948
30000 4498678
30500 4518299
31000 4537927
31500 4557349
32000 4576814
32500 4596565
33000 4616138
33500 4635637
34000 4655490
34500 4675023
35000 4694757
35500 4714367
36000 4733808
36500 4753589
37000 4773185
37500 4792645
38000 4812207
38500 4831875
39000 4851744
39500 4871431
40000 4890921
40500 4910595
41000 4930200
41500 4949748
42000 4969393
42500 4988917
43000 5008273
43500 5027928
44000 8660671
44500 8696627
45000 8717870
45500 8738320
46000 8758754
46500 8779361
47000 8800677
47500 8821547
48000 8842170
48500 8863446
49000 8884611
49500 8905330
50000 8926585
50500 8947222
51000 8968807
51500 8990229
52000 9011171
52500 9032607
53000 9053242
53500 9073920
54000 9095364
54500 9116783
55000 9137660
55500 9159316
56000 9180157
56500 9201544
57000 9223081
57500 9245153
58000 9266578
58500 9287884
59000 9310001
59500 9331859
60000 9354001
60500 9375491
61000 9397329
61500 9419005
62000 9440810
62500 9462641
63000 9484682
63500 9506808
64000 9529007
64500 9551008
65000 9573109
65500 9595011
66000 9617192
66500 9639127
67000 9661624
67500 9683968
68000 9706327
68500 9728539
69000 9750924
69500 9773850
70000 9796394
70500 9818495
71000 9840498
71500 9863295
72000 9886140
72500 9908962
73000 9931593
73500 9954624
74000 9977275
74500 9999449
75000 10021987
75500 10044378
76000 10067030
76500 10090929
77000 10113480
77500 10136625
78000 10158816
78500 10181774
79000 10204550
79500 10227897
80000 10251164
80500 10274620
81000 10296492
81500 10316578
82000 10336613
82500 10356773
83000 10376849
83500 10396935
84000 10417226
84500 10437551
85000 10457539
85500 10477766
86000 10498058
86500 10518077
87000 10537983
87500 10557868
88000 18926496
88500 18977889
89000 19008400
89500 19039095
90000 19069044
90500 19099509
91000 19129471
91500 19158655
92000 19189566
92500 19219233
93000 19249142
93500 19279217
94000 19309568
94500 19340326
95000 19370422
95500 19400577
96000 19430918
96500 19461950
97000 19492639
97500 19523730
98000 19555502
98500 19587221
99000 19618320
99500 19650052
100000 19681853
100500 19713947
101000 19762581
101500 19797147
102000 19830373
102500 19863540
103000 19895694
103500 19930239
104000 19963186
104500 19996681
105000 20030408
105500 20064596
106000 20099637
106500 20134967
107000 20170515
107500 20205797
108000 20242542
108500 20278693
109000 20315282
109500 20351480
110000 20387026
110500 20423091
111000 20459918
111500 20496653
112000 20532568
112500 20569855
113000 20605609
113500 20642489
114000 20680137
114500 20717283
115000 20754355
115500 20791713
116000 20829525
116500 20866516
117000 20904573
117500 20943024
118000 20981411
118500 21020332
119000 21058044
119500 21097620
120000 21136242
120500 21175856
121000 21215108
121500 21254179
122000 21294183
122500 21333559
123000 21373290
123500 21412658
124000 21451220
124500 21490285
125000 21529607
125500 21569400
126000 21609030
126500 21649126
127000 21689613
127500 21730462
128000 21772196
128500 21812805
129000 21854671
129500 21893122
130000 21931062
130500 21967741
131000 22004277
131500 22042738
132000 22080326
132500 22118266
133000 22155457
133500 22192950
134000 22231712
134500 22269099
135000 22307755
135500 22345798
136000 22385318
136500 22424848
137000 22463899
137500 22504083
138000 22544061
138500 22583709
139000 22624148
139500 22663600
140000 22703927
140500 22752560
141000 22795251
141500 22836939
142000 22878377
142500 22920034
143000 22962385
143500 23004455
144000 23046580
144500 23088871
145000 23131525
145500 23174248
146000 23216671
146500 23258717
147000 23301683
147500 23345096
148000 23387967
148500 23430939
149000 23474243
149500 23517803
150000 23561556
150500 23605296
151000 23648536
151500 23692155
152000 23747450
152500 23788010
153000 23825773
153500 23863455
154000 23901289
154500 23938846
155000 23975753
155500 24013134
156000 24050259
156500 24087915
157000 24127650
157500 24164906
158000 24202578
158500 24240119
159000 24278055
159500 24315643
160000 24354553
160500 24392911
161000 24430110
161500 24469400
162000 24507295
162500 24545822
163000 24583727
163500 24621026
164000 24659158
164500 24696522
165000 24736124
165500 24775853
166000 24814763
166500 24853814
167000 24892783
167500 24932087
168000 24971254
168500 25011193
169000 25049691
169500 25088799
170000 25129191
170500 25168565
171000 25207794
171500 25246669
172000 25286645
172500 25327341
173000 25366558
173500 25406002
174000 25444369
174500 25483065
175000 25522460
175500 44318582
176000 44378846
176500 44418240
177000 44456102
177500 44494723
178000 44533360
178500 44571507
179000 44609464
179500 44647860
180000 44686689
180500 44725085
181000 44763588
181500 44802007
182000 44841465
182500 44880079
183000 44918449
183500 44957820
184000 44996933
184500 45036799
185000 45076262
185500 45116049
186000 45155148
186500 45194700
187000 45235014
187500 45273939
188000 45314110
188500 45354318
189000 45394557
189500 45435308
190000 45475682
190500 45516448
191000 45556572
191500 45596949
192000 45636939
192500 45677606
193000 45718812
193500 45759440
194000 45800572
194500 45841383
195000 45882386
195500 45922401
196000 45962953
196500 46003886
197000 46044474
197500 46086354
198000 46127454
198500 46169718
199000 46211365
199500 46253537
200000 46295651
200500 46336480
201000 46379233
201500 46419981
202000 46462978
202500 46505017
203000 46547579
203500 46590433
204000 46632530
204500 46675433
205000 46718350
205500 46761265
206000 46804329
206500 46848157
207000 46890928
207500 46934367
208000 46977236
208500 47021084
209000 47063475
209500 47106077
210000 47149757
210500 47193675
211000 47238466
211500 47283239
212000 47327441
212500 47371820
213000 47416502
213500 47460780
214000 47503807
214500 47547983
215000 47584854
215500 47616865
216000 47647412
216500 47678347
217000 47709653
217500 47750512
218000 47782961
218500 47816106
219000 47846386
219500 47878355
220000 47910481
220500 47941653
221000 47972044
221500 48004597
222000 48034478
222500 48062478
223000 48092356
223500 48120852
224000 48149429
224500 48179104
225000 48208637
225500 48236387
226000 48276462
226500 48331577
227000 48398354
227500 48475041
228000 48531166
228500 48597711
229000 48739010
229500 48797224
230000 48859949
230500 48947520
231000 49007092
231500 49066331
232000 49138846
232500 51164462
233000 51233923
233500 51302309
234000 51389233
234500 51448623
235000 51512240
235500 51590086
236000 51651311
236500 51726394
237000 51839466
237500 51899790
238000 51962090
238500 52042570
239000 52105851
239500 52166186
240000 52238211
240500 52468155
241000 52527980
241500 52593540
242000 52674919
242500 52736913
243000 52802431
243500 52872405
244000 52946420
244500 53008960
245000 53075150
245500 53171365
246000 53235868
246500 53298218
247000 53379514
247500 53439406
248000 53503993
248500 53656716
249000 53721334
249500 53781536
250000 53866513
250500 53897286
251000 53926686
251500 53958864
252000 53988547
252500 54020908
253000 54056385
253500 54092461
254000 54128680
254500 54164549
255000 54201635
255500 54238736
256000 54276372
256500 54308968
257000 54338114
257500 54365377
258000 54392572
258500 54417665
259000 54443132
259500 54468256
260000 54494708
260500 54523035
261000 54548093
261500 54572758
262000 54596467
262500 54619780
263000 54642984
263500 54665258
264000 54688482
264500 54711408
265000 54732882
265500 54753239
266000 54771692
266500 54790631
267000 54809141
267500 54827379
268000 54846132
268500 54873618
269000 54893669
269500 54911972
270000 54929853
270500 54946909
271000 54964276
271500 54981337
272000 54998601
272500 55015613
273000 55033166
273500 55050673
274000 55067792
274500 55094048
275000 55131977
275500 55171066
276000 55209917
276500 55247906
277000 55288021
277500 55326423
278000 55365267
278500 55401345
279000 55440874
279500 55478331
280000 55514564
280500 55550573
281000 55585899
281500 55623145
282000 55656372
282500 55694475
283000 55744743
283500 55787148
284000 55826994
284500 55864608
285000 55905687
285500 55946498
286000 55985185
286500 56026382
287000 56067597
287500 56106837
288000 56144127
288500 56183257
289000 56219902
289500 56256935
290000 56298293
290500 56339330
291000 56382071
291500 56424160
292000 56462633
292500 56503252
293000 56546056
293500 56586967
294000 56627496
294500 56668920
295000 56710838
295500 56751852
296000 56791951
296500 56830233
297000 56867550
297500 56908928
298000 56951056
298500 56993167
299000 57036497
299500 57079003
300000 57121701
300500 57165257
301000 57208227
301500 57250087
302000 57293432
302500 57336354
303000 57377922
303500 57419368
304000 57460900
304500 57500809
305000 57543776
305500 57587586
306000 57628981
306500 57671886
307000 57713828
307500 57757453
308000 57800469
308500 57843649
309000 57886607
309500 57928827
310000 57972600
310500 58015497
311000 58057972
311500 58100675
312000 58143101
312500 58187002
313000 58230463
313500 58274283
314000 58318211
314500 58362046
315000 58405569
315500 58448653
316000 58492873
316500 58536335
317000 58579456
317500 58623297
318000 58666215
318500 58709695
319000 58752508
319500 58795715
320000 58838744
320500 58882460
321000 58926223
321500 58969758
322000 59013553
322500 59056302
323000 59100110
323500 59143980
324000 59186837
324500 59230105
325000 59273008
325500 59317298
326000 59360713
326500 59403947
327000 59447799
327500 59492295
328000 59536415
328500 59580540
329000 59623416
329500 59667491
330000 59727120
330500 59772733
331000 59816711
331500 59860428
332000 59903855
332500 59947582
333000 59990887
333500 60034500
334000 60078265
334500 60122436
335000 60165730
335500 60209332
336000 60253239
336500 60296722
337000 60340319
337500 60384443
338000 60428520
338500 60471496
339000 60515547
339500 60559703
340000 60603610
340500 60647817
341000 60690773
341500 60734684
342000 60778063
342500 60821916
343000 60865944
343500 60910070
344000 60953529
344500 60997293
345000 61041542
345500 61085372
346000 61129233
346500 61172762
347000 61216774
347500 61260691
348000 61304202
348500 61347936
349000 61391615
349500 61435624
350000 61478884
350500 61522619
351000 61566411
351500 61609900
352000 61653392
352500 61696473
353000 61739922
353500 61783943
354000 61827399
354500 61870793
355000 61914252
355500 61957562
356000 62001382
356500 62044389
357000 62088220
357500 62131199
358000 62174320
358500 62217847
359000 62261186
359500 62304573
360000 62348378
360500 62391869
361000 62435296
361500 62478683
362000 62521724
362500 62565669
363000 62609260
363500 62652915
364000 62696270
364500 62740355
365000 62784124
365500 62828142
366000 62871912
366500 62915346
367000 62959070
367500 63003430
368000 63047386
368500 63090679
369000 63134464
369500 63178643
370000 63222625
370500 63265972
371000 63309384
371500 63353203
372000 63397049
372500 63441055
373000 63484804
373500 63528283
374000 63571780
374500 63615532
375000 63658322
375500 63701968
376000 63754453
376500 63798883
377000 63843050
377500 63886143
378000 63929391
378500 63973302
379000 64016443
379500 64060596
380000 64104539
380500 64147972
381000 64191322
381500 64235133
382000 64278249
382500 64322275
383000 64366028
383500 64409335
384000 64452971
384500 64496671
385000 64539760
385500 64583514
386000 64627490
386500 64670575
387000 64714327
387500 64758277
388000 64801662
388500 64845200
389000 64889046
389500 64932027
390000 64975898
390500 65019986
391000 65064041
391500 65107379
392000 65150858
392500 65194279
393000 65238011
393500 65281152
394000 65323750
394500 65367367
395000 65410291
395500 65454073
396000 65497433
396500 65548178
397000 65592581
397500 65635944
398000 65679885
398500 65723244
399000 65766181
399500 65810218
400000 65854279
400500 65897425
401000 65940652
401500 65983675
402000 66027186
402500 66070523
403000 66114223
403500 66158102
404000 66201516
404500 66245242
405000 66288724
405500 66331860
406000 66375693
406500 66419547
407000 66463100
407500 66506687
408000 66550303
408500 66593784
409000 66637764
409500 66681225
410000 66724922
410500 66768322
411000 66812083
411500 66855259
412000 66898957
412500 66941930
413000 66985524
413500 67028943
414000 67072493
414500 67116485
415000 67160144
415500 67203719
416000 67247084
416500 67290550
417000 67334026
417500 67377620
418000 67420842
418500 67464898
419000 67508806
419500 67552831
420000 67596442
420500 67640295
421000 67684311
421500 67736342
422000 67781130
422500 67824687
423000 67868064
423500 67911783
424000 67955709
424500 67998933
425000 68042568
425500 68086816
426000 68130530
426500 68174066
427000 68217644
427500 68260880
428000 68304198
428500 68347544
429000 68390994
429500 68434716
430000 68479140
430500 68523620
431000 68566430
431500 68610390
432000 68654450
432500 68698468
433000 68742479
433500 68785828
434000 68829659
434500 68873723
435000 68917234
435500 68960589
436000 69003407
436500 69046909
437000 69090938
437500 69134110
438000 69177725
438500 69221532
439000 69265104
439500 69309190
440000 69353042
440500 69395949
441000 69439501
441500 69483357
442000 69527237
442500 69571109
443000 69614598
443500 69658898
444000 69701892
444500 69745668
445000 69789775
445500 69833113
446000 69876691
446500 69920586
447000 69964574
447500 70007957
448000 70051586
448500 70094998
449000 70138790
449500 70183231
450000 70226475
450500 70270188
451000 70313647
451500 70357178
452000 70400424
452500 70443736
453000 70486965
453500 70530635
454000 70574161
454500 70617208
455000 70660932
455500 70703842
456000 70747472
456500 70791046
457000 70834251
457500 70877918
458000 70921164
458500 70965340
459000 71008820
459500 71052011
460000 71095922
460500 71140057
461000 71182900
461500 71226460
462000 71270263
462500 71313806
463000 71357645
463500 71401962
464000 71446029
464500 71490094
465000 71528433
465500 71562679
466000 71595308
466500 71629113
467000 71662758
467500 71694138
468000 71732983
468500 71768727
469000 71800802
469500 71835215
470000 71869566
470500 71902802
471000 71934945
471500 71969081
472000 72001424
472500 72032865
473000 72066378
473500 72098459
474000 72130837
474500 72164216
475000 72196908
475500 72227289
476000 72267277
476500 72317576
477000 72378610
477500 72450247
478000 72503157
478500 72565284
479000 72692810
479500 72746913
480000 72804410
480500 72886075
481000 72941789
481500 72997854
482000 73064909
482500 75022156
483000 75086361
483500 75151160
484000 75232409
484500 75286104
485000 75344891
485500 75418314
486000 75475570
486500 75533099
487000 75639665
487500 75694542
488000 75765264
488500 75840937
489000 75898263
489500 75954136
490000 76021328
490500 76254115
491000 76313311
491500 76374316
492000 76451706
492500 76509157
493000 76569764
493500 76635158
494000 76703887
494500 76761855
495000 76822453
495500 76912234
496000 76971809
496500 77029814
497000 77107278
497500 77163079
498000 77221391
498500 77367328
499000 77425521
499500 77481465
500000 77561211
