0 0
500 70099
1000 104552
1500 138173
2000 170347
2500 205687
3000 237709
3500 270528
4000 303126
4500 335268
5000 370182
5500 402339
6000 435358
6500 468314
7000 499511
7500 531851
8000 973184
8500 1008094
9000 1041660
9500 1074547
10000 1106664
10500 1139965
11000 1172377
11500 1204283
12000 1237758
12500 1270461
13000 1303563
13500 1335428
14000 1366170
14500 1399011
15000 1432230
15500 1467072
16000 1498940
16500 1530703
17000 1563386
17500 1595360
18000 1629845
18500 1661840
19000 1694458
19500 1726275
20000 1758177
20500 1793128
21000 1824076
21500 1856512
22000 1888380
22500 1921566
23000 1955208
23500 1989561
24000 2022353
24500 2053189
25000 2085685
25500 2117529
26000 2151657
26500 2184389
27000 2216459
27500 2248876
28000 2279775
28500 2313132
29000 2346759
29500 2378986
30000 2411903
30500 2443568
31000 2475991
31500 2508824
32000 2540690
32500 2573036
33000 2604691
33500 2636926
34000 2670397
34500 2703927
35000 2735877
35500 2766611
36000 2799046
36500 2832836
37000 2865451
37500 2898422
38000 2930212
38500 2962625
39000 2993389
39500 3027142
40000 3059924
40500 3092440
41000 3124099
41500 3212124
42000 3248856
42500 3279730
43000 3313738
43500 3345902
44000 3377567
44500 3411402
45000 3443264
45500 3476919
46000 3507916
46500 3540295
47000 3573379
47500 3605121
48000 3637576
48500 3670368
49000 3702963
49500 3733845
50000 3766927
50500 3799277
51000 3831243
51500 3864784
52000 3896639
52500 3930188
53000 3961071
53500 3993137
54000 4026432
54500 4058585
55000 4092551
55500 4124149
56000 4156891
56500 4188003
57000 4221058
57500 4253732
58000 4287064
58500 4319414
59000 4351214
59500 4383181
60000 4415940
60500 4449720
61000 4482305
61500 4514182
62000 4546645
62500 4579420
63000 4612980
63500 4644322
64000 4675995
64500 4708622
65000 4740558
65500 4774781
66000 4808414
66500 4840529
67000 4873023
67500 4904111
68000 4936762
68500 4971654
69000 5003982
69500 5036299
70000 5068093
70500 5100454
71000 5133558
71500 5165467
72000 5198345
72500 5230455
73000 5263007
73500 5296651
74000 5330045
74500 5360968
75000 5392765
75500 5425334
76000 5457542
76500 5493331
77000 5525690
77500 5558273
78000 5589112
78500 5621030
79000 5655303
79500 5688314
80000 5721326
80500 5753264
81000 5784962
81500 5817836
82000 5849612
82500 5883186
83000 5915285
83500 5948006
84000 5981545
84500 6013489
85000 6045941
85500 6078138
86000 6110687
86500 6142489
87000 6175663
87500 6208205
88000 6241554
88500 6273242
89000 6305080
89500 6339490
90000 6371632
90500 6403539
91000 6436843
91500 6468712
92000 6502180
92500 6534421
93000 6566754
93500 6600128
94000 6632407
94500 6665245
95000 6698403
95500 6729807
96000 6762243
96500 6795221
97000 6827937
97500 6861017
98000 6893509
98500 6925624
99000 6958934
99500 6990218
100000 7023830
100500 7056730
101000 7088588
101500 7121118
102000 7213274
102500 7249756
103000 7281490
103500 7313412
104000 7346147
104500 7377859
105000 7411822
105500 7445746
106000 7477767
106500 7509294
107000 7541198
107500 7574740
108000 7608656
108500 7641103
109000 7673762
109500 7705785
110000 7738288
110500 7773116
111000 7806356
111500 7838309
112000 7870097
112500 7902702
113000 7935295
113500 7969917
114000 8002041
114500 8034120
115000 8066788
115500 8098874
116000 8133830
116500 8165810
117000 8197467
117500 8229689
118000 8261643
118500 8295757
119000 8328799
119500 8361718
120000 8393842
120500 8424864
121000 8457629
121500 8490980
122000 8524608
122500 8556645
123000 8589280
123500 8621287
124000 8653606
124500 8687357
125000 8720015
125500 8752656
126000 8784666
126500 8819011
127000 8851240
127500 8883403
128000 8916052
128500 8948024
129000 8982101
129500 9014378
130000 9047589
130500 9080194
131000 9112274
131500 9143770
132000 9176971
132500 9210134
133000 9243301
133500 9275515
134000 9308300
134500 9342216
135000 9373974
135500 9405992
136000 9439183
136500 9472206
137000 9506132
137500 9538850
138000 9570988
138500 9603563
139000 9635804
139500 9667868
140000 9702469
140500 9734609
141000 9767703
141500 9800840
142000 9832541
142500 9866868
143000 9898921
143500 9931603
144000 9963752
144500 9997424
145000 10036331
145500 10068126
146000 10100689
146500 10132755
147000 10166587
147500 10200823
148000 10233498
148500 10265729
149000 10297041
149500 10329618
150000 10363179
150500 10397964
151000 10430036
151500 10462966
152000 10495120
152500 10526230
153000 10561072
153500 10593990
154000 10626801
154500 10658762
155000 10690915
155500 10726663
156000 10758146
156500 10791029
157000 10823272
157500 10855876
158000 10889434
158500 10922384
159000 10955102
159500 10986185
160000 11019343
160500 11051439
161000 11086611
161500 11119840
162000 11206715
162500 11242173
163000 11274490
163500 11307618
164000 11341217
164500 11373383
165000 11406110
165500 11438411
166000 11473234
166500 11505423
167000 11537269
167500 11570534
168000 11602905
168500 11635505
169000 11669280
169500 11703180
170000 11735407
170500 11766295
171000 11799217
171500 11832737
172000 11865423
172500 11898704
173000 11931533
173500 11963940
174000 11997016
174500 12029878
175000 12062311
175500 12096292
176000 12128815
176500 12162633
177000 12195623
177500 12226933
178000 12260643
178500 12292979
179000 12325584
179500 12359088
180000 12391372
180500 12424538
181000 12456713
181500 12489716
182000 12523689
182500 12556026
183000 12588825
183500 12621848
184000 12654866
184500 12687317
185000 12720063
185500 12752222
186000 12784242
186500 12818341
187000 12850718
187500 12884998
188000 12916039
188500 12947982
189000 12980451
189500 13013499
190000 13048436
190500 13080764
191000 13113397
191500 13144389
192000 13177740
192500 13212153
193000 13244551
193500 13277555
194000 13309533
194500 13342174
195000 13376671
195500 13408261
196000 13441320
196500 13473829
197000 13507637
197500 13539874
198000 13574732
198500 13607983
199000 13639330
199500 13672343
200000 13704550
200500 13739625
201000 13771982
201500 13804367
202000 13837307
202500 13868366
203000 13902526
203500 13935695
204000 13968034
204500 14000887
205000 14033020
205500 14065559
206000 14098082
206500 14132001
207000 14164570
207500 14196800
208000 14229562
208500 14263135
209000 14296994
209500 14328175
210000 14360315
210500 14393159
211000 14426700
211500 14459418
212000 14492385
212500 14525292
213000 14556217
213500 14588119
214000 14622848
214500 14655968
215000 14689281
215500 14722169
216000 14755342
216500 14787990
217000 14820241
217500 14854287
218000 14886856
218500 14919691
219000 14953555
219500 14985871
220000 15017880
220500 15050951
221000 15084321
221500 15118251
222000 15159480
222500 15192981
223000 15226715
223500 15258520
224000 15290619
224500 15325032
225000 15357012
225500 15389174
226000 15422892
226500 15455382
227000 15489911
227500 15520917
228000 15554181
228500 15586196
229000 15619145
229500 15653455
230000 15685481
230500 15718207
231000 15749180
231500 15782144
232000 15814735
232500 15848314
233000 15881160
233500 15913287
234000 15946076
234500 15977887
235000 16011327
235500 16043977
236000 16076114
236500 16108755
237000 16141921
237500 16176610
238000 16207869
238500 16239811
239000 16272391
239500 16304525
240000 16339842
240500 16372041
241000 16405677
241500 16437581
242000 16469677
242500 16502378
243000 16537152
243500 16570454
244000 16602778
244500 16634916
245000 16666850
245500 16701595
246000 16734393
246500 16766387
247000 16798446
247500 16831452
248000 16865454
248500 16898197
249000 16930461
249500 16963551
250000 16995756
250500 559787156
251000 1100865664
251500 1639423044
252000 2177670425
252500 2713332343
253000 3247659621
253500 3780424941
254000 4311211085
254500 4840966016
255000 5369099614
255500 5896514568
256000 6422063500
256500 6946374039
257000 7468878795
257500 7989658656
258000 8508088918
258500 9026291629
259000 9541712770
259500 10056046888
