0 0
500 46310
1000 75108
1500 99277
2000 123252
2500 147142
3000 183034
3500 214639
4000 246690
4500 276267
5000 307383
5500 339111
6000 369831
6500 400800
7000 431285
7500 462505
8000 492435
8500 524434
9000 555723
9500 586828
10000 618061
10500 649307
11000 680654
11500 711055
12000 742288
12500 773612
13000 804650
13500 836190
14000 867987
14500 899387
15000 928972
15500 959684
16000 990841
16500 1023201
17000 1055545
17500 1086619
18000 1117819
18500 1147360
19000 1179736
19500 1211105
20000 1242887
20500 1274935
21000 1305514
21500 1337927
22000 1368332
22500 1400112
23000 1431617
23500 1462325
24000 1495603
24500 1526403
25000 1566534
25500 1609295
26000 1642896
26500 1674167
27000 1707053
27500 1737469
28000 1769889
28500 1800946
29000 1832098
29500 1863715
30000 1894673
30500 1925146
31000 1956404
31500 1987523
32000 2019986
32500 2051032
33000 2080460
33500 2110751
34000 2142492
34500 2173252
35000 2206381
35500 2236732
36000 2268050
36500 2298279
37000 2329049
37500 2362245
38000 2392512
38500 2423603
39000 2454426
39500 2486388
40000 2518873
40500 2549332
41000 2580793
41500 2611411
42000 2642744
42500 2676785
43000 2707424
43500 2737649
44000 2768613
44500 2800285
45000 2831583
45500 2865396
46000 2896245
46500 2926723
47000 2956908
47500 2987459
48000 3022192
48500 3053120
49000 3083514
49500 3114782
50000 3145632
50500 3178514
51000 3210466
51500 3241795
52000 3272089
52500 3302613
53000 3333838
53500 3367566
54000 3398719
54500 3429281
55000 3459745
55500 3490710
56000 3522742
56500 3554796
57000 3585237
57500 3615533
58000 3646496
58500 3678583
59000 3710674
59500 3741671
60000 3773141
60500 3803614
61000 3836154
61500 3865968
62000 3897419
62500 3928552
63000 3959164
63500 3990347
64000 4022074
64500 4052440
65000 4083498
65500 4114173
66000 4145653
66500 4177671
67000 4208643
67500 4240054
68000 4271015
68500 4301431
69000 4333544
69500 4364880
70000 4395359
70500 4427117
71000 4458809
71500 4489677
72000 4521747
72500 4552153
73000 4583214
73500 4614852
74000 4646192
74500 4679367
75000 4709949
75500 4740132
76000 4771804
76500 4802605
77000 4834906
77500 4865721
78000 4896887
78500 4927837
79000 4959231
79500 4989944
80000 5022381
80500 5053423
81000 5084221
81500 5116655
82000 5147716
82500 5178726
83000 5210358
83500 5240985
84000 5272283
84500 5304001
85000 5336919
85500 5367560
86000 5396994
86500 5428174
87000 5459225
87500 5492932
88000 5523580
88500 5564128
89000 5596105
89500 5625700
90000 5658564
90500 5691091
91000 5722433
91500 5753016
92000 5783635
92500 5814806
93000 5847967
93500 5878187
94000 5908927
94500 5940382
95000 5971147
95500 6003764
96000 6035844
96500 6066921
97000 6096967
97500 6128675
98000 6159166
98500 6193424
99000 6224527
99500 6255568
100000 6286075
100500 6316292
101000 6348495
101500 6380361
102000 6411795
102500 6442445
103000 6473654
103500 6505943
104000 6535405
104500 6567791
105000 6598779
105500 6630072
106000 6662049
106500 6693282
107000 6724797
107500 6754531
108000 6785834
108500 6816434
109000 6848742
109500 6879448
110000 6911560
110500 6942386
111000 6972053
111500 7004898
112000 7035589
112500 7067436
113000 7098628
113500 7129184
114000 7161541
114500 7191217
115000 7222359
115500 7254196
116000 7285384
116500 7316146
117000 7348449
117500 7379904
118000 7409587
118500 7441572
119000 7472452
119500 7504626
120000 7535962
120500 7566565
121000 7598832
121500 7628536
122000 7661640
122500 7692284
123000 7723019
123500 7754461
124000 7786156
124500 7818989
125000 7849764
125500 7879152
126000 7910241
126500 7940968
127000 7973543
127500 8005856
128000 8037075
128500 8067803
129000 8097519
129500 8129767
130000 8162328
130500 8193494
131000 8224079
131500 8255494
132000 8286746
132500 8318968
133000 8350930
133500 8381985
134000 8413762
134500 8444399
135000 8475705
135500 8508396
136000 8537883
136500 8569280
137000 8599832
137500 8631592
138000 8665017
138500 8695984
139000 8727060
139500 8756642
140000 8788038
140500 8820526
141000 8852129
141500 8884553
142000 8915292
142500 8946648
143000 8976350
143500 9010155
144000 9040864
144500 9071750
145000 9102956
145500 9138149
146000 9171606
146500 9202351
147000 9233788
147500 9264419
148000 9294987
148500 9328049
149000 9358697
149500 9390976
150000 9420708
150500 9451274
151000 9483854
151500 9514457
152000 9557731
152500 9600146
153000 9633722
153500 9663318
154000 9695433
154500 9726535
155000 9759016
155500 9790273
156000 9820743
156500 9853337
157000 9883952
157500 9913287
158000 9945498
158500 9976268
159000 10008919
159500 10039427
160000 10069900
160500 10102084
161000 10131911
161500 10164418
162000 10195356
162500 10227089
163000 10257725
163500 10289178
164000 10320514
164500 10351595
165000 10382884
165500 10413409
166000 10445259
166500 10476480
167000 10508697
167500 10540313
168000 10569938
168500 10601277
169000 10632771
169500 10665056
170000 10696338
170500 10726876
171000 10758015
171500 10787885
172000 10819276
172500 10852176
173000 10883304
173500 10914855
174000 10945572
174500 10978008
175000 11009942
175500 11040636
176000 11071899
176500 11102419
177000 11134523
177500 11168175
178000 11199742
178500 11229370
179000 11260134
179500 11291625
180000 11323708
180500 11356075
181000 11387128
181500 11417792
182000 11448034
182500 11478752
183000 11512663
183500 11543484
184000 11574579
184500 11605223
185000 11637004
185500 11669128
186000 11701034
186500 11732916
187000 11763380
187500 11794019
188000 11826904
188500 11858800
189000 11890071
189500 11919634
190000 11951068
190500 11982151
191000 12014545
191500 12046684
192000 12077476
192500 12108834
193000 12138650
193500 12171157
194000 12202480
194500 12234318
195000 12266025
195500 12296683
196000 12330014
196500 12359900
197000 12391691
197500 12423196
198000 12454008
198500 12485552
199000 12516170
199500 12547660
200000 12578227
200500 12609663
201000 12640875
201500 12671764
202000 12703129
202500 12733844
203000 12765401
203500 12795949
204000 12826571
204500 12857861
205000 12888741
205500 12921097
206000 12952262
206500 12983041
207000 13013361
207500 13046381
208000 13078068
208500 13109701
209000 13140726
209500 13171944
210000 13205320
210500 13235440
211000 13266466
211500 13298552
212000 13329630
212500 13360470
213000 13394365
213500 13424853
214000 13456250
214500 13487088
215000 13517639
215500 13560974
216000 13592937
216500 13624756
217000 13657170
217500 13687437
218000 13720673
218500 13751334
219000 13782745
219500 13814524
220000 13845852
220500 13876287
221000 13910346
221500 13940060
222000 13970694
222500 14003473
223000 14034335
223500 14068142
224000 14098832
224500 14129417
225000 14159695
225500 14191564
226000 14225451
226500 14256387
227000 14287899
227500 14318675
228000 14350392
228500 14380662
229000 14414516
229500 14446091
230000 14477004
230500 14507732
231000 14540243
231500 14573771
232000 14604356
232500 14635168
233000 14666562
233500 14697390
234000 14731882
234500 14763484
235000 14794165
235500 14824783
236000 14855307
236500 14889317
237000 14920574
237500 14951234
238000 14982922
238500 15013573
239000 15043828
239500 15078051
240000 15108841
240500 15140487
241000 15171291
241500 15202646
242000 15237319
242500 15267145
243000 15298847
243500 15329700
244000 15360923
244500 15394256
245000 15426763
245500 15457790
246000 15487668
246500 15519152
247000 15549996
247500 15583629
248000 15615544
248500 15647135
249000 15677685
249500 15707560
250000 15741894
250500 681339410
251000 1345563652
251500 2009692668
252000 2674262760
252500 3338898440
253000 4003332342
253500 4668702887
254000 5333213848
254500 5998037437
255000 6663308127
255500 7327724110
256000 7992368293
256500 8657773298
257000 9322060748
257500 9986538211
258000 10651349246
