0 0
500 63699
1000 98417
1500 129415
2000 158982
2500 188222
3000 217453
3500 246757
4000 276010
4500 305293
5000 334592
5500 364088
6000 396525
6500 426495
7000 455827
7500 484936
8000 514278
8500 543719
9000 573077
9500 602319
10000 631665
10500 661070
11000 690441
11500 719749
12000 749057
12500 778279
13000 807810
13500 837262
14000 866556
14500 895668
15000 925137
15500 954318
16000 983933
16500 1013260
17000 1042729
17500 1072282
18000 1101835
18500 1131232
19000 1160668
19500 1189995
20000 1219344
20500 1248627
21000 1278064
21500 1307497
22000 1336882
22500 1366225
23000 1395588
23500 1424922
24000 1454353
24500 1483665
25000 1512975
25500 1542409
26000 1571738
26500 1601235
27000 1630587
27500 1660080
28000 1689629
28500 1718977
29000 1748307
29500 1777598
30000 1806987
30500 1836420
31000 1865773
31500 1895132
32000 1924334
32500 1953638
33000 1982832
33500 2011999
34000 2041257
34500 2070820
35000 2100105
35500 2129470
36000 2158756
36500 2188146
37000 2217442
37500 2246706
38000 2275976
38500 2305315
39000 2334573
39500 2363793
40000 2392994
40500 2422271
41000 2451776
41500 2481141
42000 2510461
42500 2539617
43000 2568784
43500 2598162
44000 2627376
44500 2656683
45000 2686005
45500 2715446
46000 2744640
46500 2773917
47000 2803293
47500 2832671
48000 2861822
48500 2891098
49000 2920565
49500 2949865
50000 2979209
50500 3008813
51000 3038327
51500 3067662
52000 3097115
52500 3126653
53000 3156029
53500 3185367
54000 3229146
54500 3265965
55000 3299403
55500 3330017
56000 3359743
56500 3389254
57000 3418538
57500 3447820
58000 3477487
58500 3506878
59000 3536197
59500 3565718
60000 3595070
60500 3624398
61000 3653753
61500 3682959
62000 3712237
62500 3741524
63000 3770837
63500 3800189
64000 3829596
64500 3859110
65000 3888424
65500 3917715
66000 3947243
66500 3976725
67000 4006069
67500 4035297
68000 4064692
68500 4093961
69000 4123241
69500 4152521
70000 4181918
70500 4211224
71000 4240450
71500 4269942
72000 4299421
72500 4328845
73000 4358118
73500 4387368
74000 4416811
74500 4446186
75000 4475670
75500 4504861
76000 4534072
76500 4563263
77000 4592622
77500 4621797
78000 4650970
78500 4680229
79000 4709485
79500 4738728
80000 4767979
80500 4797244
81000 4826443
81500 4855695
82000 4884895
82500 4914153
83000 4943493
83500 4972717
84000 5002160
84500 5031557
85000 5060848
85500 5090100
86000 5119379
86500 5148600
87000 5177813
87500 5207111
88000 5236256
88500 5265458
89000 5294657
89500 5323823
90000 5353007
90500 5382224
91000 5411587
91500 5441087
92000 5470301
92500 5499496
93000 5528701
93500 5558020
94000 5587345
94500 5616650
95000 5645869
95500 5675098
96000 5704374
96500 5733582
97000 5762794
97500 5791952
98000 5821254
98500 5850565
99000 5879760
99500 5908911
100000 5938058
100500 5967401
101000 5996695
101500 6025916
102000 6055107
102500 6084373
103000 6113695
103500 6143301
104000 6172805
104500 6202150
105000 6231789
105500 6261140
106000 6290447
106500 6319738
107000 6349035
107500 6378280
108000 6407599
108500 6436916
109000 6466195
109500 6495494
110000 6524695
110500 6553968
111000 6583224
111500 6612386
112000 6641750
112500 6671020
113000 6700353
113500 6729765
114000 6759134
114500 6788447
115000 6817632
115500 6846940
116000 6876215
116500 6905604
117000 6935246
117500 6964616
118000 6993936
118500 7023322
119000 7052605
119500 7082007
120000 7111486
120500 7140822
121000 7170230
121500 7199558
122000 7284399
122500 7322170
123000 7354319
123500 7383613
124000 7413090
124500 7442519
125000 7471757
125500 7509589
126000 7549667
126500 7588164
127000 7625862
127500 7662503
128000 7698819
128500 7742812
129000 7781979
129500 7819734
130000 7857654
130500 7896096
131000 7934142
131500 7972330
132000 8009868
132500 8047613
133000 8083650
133500 8119760
134000 8158981
134500 8196828
135000 8233507
135500 8269984
136000 8308037
136500 8346628
137000 8384638
137500 8423003
138000 8463755
138500 8501294
139000 8538374
139500 8577867
140000 8616563
140500 8656143
141000 8693118
141500 8730360
142000 8765516
142500 8805622
143000 8843668
143500 8882744
144000 8920643
144500 8959147
145000 8995431
145500 9038978
146000 9081258
146500 9119467
147000 9157774
147500 9194030
148000 9234549
148500 9273927
149000 9310546
149500 9348791
150000 9385195
150500 9421932
151000 9460475
151500 9499580
152000 9537263
152500 9574650
153000 9610902
153500 9648188
154000 9689827
154500 9727123
155000 9764998
155500 9803350
156000 9840929
156500 9880862
157000 9919109
157500 9957731
158000 9994307
158500 10031605
159000 10070498
159500 10111176
160000 10149755
160500 10187865
161000 10225536
161500 10263954
162000 10302490
162500 10340335
163000 10377526
163500 10413291
164000 10450278
164500 10489243
165000 10529156
165500 10566993
166000 10605343
166500 10641330
167000 10677690
167500 10716147
168000 10753672
168500 10790737
169000 10828275
169500 10868105
170000 10904704
170500 10942076
171000 10980778
171500 11017973
172000 11056459
172500 11095320
173000 11134095
173500 11172630
174000 11259596
174500 11302082
175000 11340812
175500 11378142
176000 11415426
176500 11455346
177000 11494457
177500 11531249
178000 11569396
178500 11607214
179000 11646128
179500 11683673
180000 11721518
180500 11760482
181000 11797344
181500 11836008
182000 11875382
182500 11913236
183000 11951853
183500 11989904
184000 12028100
184500 12065277
185000 12102220
185500 12141418
186000 12178230
186500 12216084
187000 12253552
187500 12292927
188000 12333300
188500 12369212
189000 12406095
189500 12443666
190000 12481465
190500 12519554
191000 12559745
191500 12597098
192000 12633509
192500 12671438
193000 12708513
193500 12747375
194000 12786097
194500 12824780
195000 12860897
195500 12895819
196000 12935753
196500 12974481
197000 13013095
197500 13050933
198000 13087511
198500 13124609
199000 13164121
199500 13202166
200000 13238477
200500 13276780
201000 13313543
201500 13352835
202000 13391930
202500 13428797
203000 13467886
203500 13505743
204000 13545522
204500 13585911
205000 13624267
205500 13662597
206000 13699088
206500 13736520
207000 13774040
207500 13813043
208000 13850354
208500 13887986
209000 13925690
209500 13963845
210000 14002245
210500 14040888
211000 14078166
211500 14114752
212000 14152182
212500 14190568
213000 14227507
213500 14265463
214000 14304317
214500 14342909
215000 14381975
215500 14420969
216000 14459233
216500 14497203
217000 14534128
217500 14572716
218000 14609496
218500 14648719
219000 14687010
219500 14725977
220000 14764215
220500 14801086
221000 14839485
221500 14877065
222000 14917715
222500 14955294
223000 14993001
223500 15031393
224000 15067732
224500 15106764
225000 15145403
225500 15183274
226000 15229597
226500 15269180
227000 15309417
227500 15346891
228000 15384481
228500 15420934
229000 15457153
229500 15494054
230000 15535548
230500 15574325
231000 15611119
231500 15647337
232000 15685295
232500 15726188
233000 15765002
233500 15802936
234000 15840521
234500 15876490
235000 15914451
235500 15955667
236000 15993787
236500 16031931
237000 16068270
237500 16105134
238000 16143443
238500 16182415
239000 16219885
239500 16257789
240000 16296334
240500 16334988
241000 16373682
241500 16410802
242000 16447863
242500 16484558
243000 16522371
243500 16560895
244000 16599997
244500 16638298
245000 16674149
245500 16710587
246000 16750028
246500 16788734
247000 16828629
247500 16867358
248000 16904839
248500 16943849
249000 16979174
249500 17018566
250000 17056575
250500 23993646
251000 24029681
251500 24051346
252000 24072970
252500 24094913
253000 24116868
253500 24138257
254000 24160146
254500 24182254
255000 24203732
255500 24225453
256000 24246836
256500 24268410
257000 24290058
257500 24311761
258000 24333004
258500 24354953
259000 24376559
259500 24398413
260000 24420321
260500 24442157
261000 24464676
261500 24486768
262000 24508672
262500 24530599
263000 24552414
263500 24574048
264000 24595649
264500 24617323
265000 24638952
265500 24660396
266000 24681838
266500 24703466
267000 24725130
267500 24746758
268000 24768131
268500 24789852
269000 24812133
269500 24833964
270000 24855283
270500 24877005
271000 24899102
271500 24920661
272000 24943207
272500 24964860
273000 24987170
273500 25008822
274000 25030773
274500 25062625
275000 25086064
275500 25108542
276000 25130104
276500 25151698
277000 25173758
277500 25195437
278000 25217065
278500 25238666
279000 25260806
279500 25282552
280000 25304305
280500 25326288
281000 25348190
281500 25370036
282000 25391779
282500 25413286
283000 25435178
283500 25457201
284000 25479043
284500 25500691
285000 25522761
285500 25544371
286000 25566039
286500 25587741
287000 25609293
287500 25631720
288000 25653077
288500 25675177
289000 25696746
289500 25718614
290000 25740391
290500 25762484
291000 25783904
291500 25805730
292000 25827507
292500 25849160
293000 25870799
293500 25893283
294000 25914928
294500 25936936
295000 25958665
295500 25981400
296000 26003159
296500 26025408
297000 26047569
297500 26069847
298000 26091868
298500 26113881
299000 26135554
299500 26157509
300000 26179214
300500 26200998
301000 26222488
301500 26244701
302000 26266729
302500 26288697
303000 26310119
303500 26333241
304000 26355776
304500 26378316
305000 26400539
305500 26422427
306000 26444346
306500 26466320
307000 26488187
307500 26510592
308000 26532442
308500 26553986
309000 26575517
309500 26597918
310000 26620065
310500 26642074
311000 26664114
311500 26685973
312000 26708818
312500 26731047
313000 26753003
313500 26775106
314000 26797020
314500 26819093
315000 26840817
315500 26863170
316000 26885146
316500 26907438
317000 26929571
317500 26951803
318000 26974396
318500 26996550
319000 27018368
319500 27040675
320000 27063040
320500 27085196
321000 27107376
321500 27129563
322000 27152177
322500 27174253
323000 27196168
323500 27228088
324000 27252432
324500 27275511
325000 27297486
325500 27319875
326000 27342244
326500 27364549
327000 27386540
327500 27408408
328000 27430943
328500 27453373
329000 27475963
329500 27499617
330000 27522835
330500 27546077
331000 27568351
331500 27590104
332000 27611951
332500 27635578
333000 27658240
333500 27680503
334000 27702413
334500 27725372
335000 27747304
335500 27770065
336000 27792801
336500 27816539
337000 27839319
337500 27862167
338000 27884064
338500 27906874
339000 27928949
339500 27950673
340000 27972473
340500 27995028
341000 28017862
341500 28040671
342000 28062861
342500 28084970
343000 28107617
343500 28130536
344000 28152690
344500 28175635
345000 28198746
345500 28221583
346000 28244320
346500 28267615
347000 28290544
347500 28313435
348000 28336380
348500 28359337
349000 28382185
349500 28404875
350000 28427175
350500 28449423
351000 28472120
351500 28494524
352000 28517987
352500 28541362
353000 28564293
353500 28586307
354000 28609058
354500 28631968
355000 28655225
355500 28677717
356000 28700611
356500 28723340
357000 28746861
357500 28769596
358000 28792249
358500 28814439
359000 28838265
359500 28861309
360000 28884534
360500 28907576
361000 28930828
361500 28953636
362000 28977424
362500 29000321
363000 29024393
363500 29047743
364000 29070699
364500 29093403
365000 29117170
365500 29140011
366000 29162413
366500 29186005
367000 29210227
367500 29233791
368000 29257383
368500 29281033
369000 29305497
369500 29329167
370000 29351835
370500 29374954
371000 29398432
371500 29421624
372000 29445327
372500 29468713
373000 29491928
373500 29515425
374000 29538821
374500 29562552
375000 29585725
375500 29610110
376000 29633666
376500 29657393
377000 29681365
377500 29705348
378000 29728564
378500 29752027
379000 29775508
379500 29799268
380000 29822632
380500 29846304
381000 29870126
381500 29894366
382000 29917411
382500 29941018
383000 29964527
383500 29988714
384000 30012851
384500 30035921
385000 30059828
385500 30084588
386000 30108745
386500 30132802
387000 30156396
387500 30180273
388000 30203525
388500 30226727
389000 30250661
389500 30275597
390000 30299840
390500 30324021
391000 30347692
391500 30372152
392000 30396032
392500 30420112
393000 30444019
393500 30467683
394000 30493110
394500 30516991
395000 30540906
395500 30564693
396000 30589082
396500 30613615
397000 30638165
397500 30661730
398000 30686433
398500 30710353
399000 30734355
399500 30758241
400000 30782368
400500 30805965
401000 30829790
401500 30852784
402000 30877245
402500 30908745
403000 30935780
403500 30961270
404000 30985907
404500 31010317
405000 31033507
405500 31057299
406000 31081998
406500 31106844
407000 31130662
407500 31155321
408000 31179795
408500 31216073
409000 31244347
409500 31270044
410000 31295091
410500 31319268
411000 31343534
411500 31367532
412000 31391959
412500 31417266
413000 31443185
413500 31466660
414000 31490988
414500 31514615
415000 31538413
415500 31561930
416000 31585991
416500 31610608
417000 31634389
417500 31658112
418000 31681629
418500 31706913
419000 31731173
419500 31755363
420000 31779739
420500 31804245
421000 31828005
421500 31851882
422000 31876282
422500 31900914
423000 31924832
423500 31948493
424000 31971995
424500 31996746
425000 32021016
425500 32044743
426000 32069275
426500 32094705
427000 32118955
427500 32143288
428000 32167248
428500 32192003
429000 32215891
429500 32240024
430000 32263814
430500 32288901
431000 32312496
431500 32337078
432000 32360815
432500 32385520
433000 32409590
433500 32433648
434000 32457356
434500 32482162
435000 32506651
435500 32531188
436000 32555426
436500 32580002
437000 32605041
437500 32628925
438000 32653216
438500 32677306
439000 32702753
439500 32726993
440000 32751554
440500 32775390
441000 32800288
441500 32824027
442000 32848129
442500 32872060
443000 32897302
443500 32921049
444000 32945316
444500 32969559
445000 32994028
445500 33018194
446000 33042044
446500 33065918
447000 33090119
447500 33114115
448000 33138147
448500 33162364
449000 33187096
449500 33211115
450000 33235425
450500 33259307
451000 33284461
451500 33308849
452000 33332046
452500 33356040
453000 33380500
453500 33404876
454000 33428936
454500 33453107
455000 33477153
455500 33501029
456000 33524635
456500 33549352
457000 33573803
457500 33598091
458000 33621977
458500 33645747
459000 33669768
459500 33695302
460000 33718750
460500 33743843
461000 33767602
461500 33792490
462000 33816334
462500 33840419
463000 33864166
463500 33889102
464000 33913809
464500 33937825
465000 33961783
465500 33986706
466000 34010123
466500 34034572
467000 34058227
467500 34083837
468000 34107619
468500 34132299
469000 34156301
469500 34181237
470000 34205382
470500 34229614
471000 34253469
471500 34278223
472000 34302276
472500 34326307
473000 34349815
473500 34374167
474000 34398927
474500 34423355
475000 34447015
475500 34472442
476000 34496782
476500 34521347
477000 34545716
477500 34570029
478000 34594478
478500 34618742
479000 34642703
479500 34666982
480000 34691560
480500 34715703
481000 34739469
481500 34763509
482000 34788752
482500 34812867
483000 34837014
483500 34861422
484000 34887056
484500 34911034
485000 34935657
485500 34959355
486000 34983735
486500 35007530
487000 35031457
487500 35055405
488000 35079613
488500 35103634
489000 35127915
489500 35151835
490000 35176566
490500 35210029
491000 35237970
491500 35263150
492000 35287440
492500 35312124
493000 35336534
493500 35360525
494000 35385032
494500 35409774
495000 35433767
495500 35458472
496000 35483249
496500 35507807
497000 35532348
497500 35556350
498000 35580740
498500 35604680
499000 35628910
499500 35653363
500000 35677238
