
500 612597
1000 3114387
1500 7963199
2000 14599871
2500 23120085
3000 33525811
3500 45826672
4000 60195694
4500 76633372
5000 95193033
5500 115712183
6000 138231092
6500 162908471
7000 189747607
7500 218863642
8000 250479901
8500 284033245
9000 319586551
9500 357165000
10000 396808207
10500 438906377
11000 482554461
11500 528243506
12000 575983779
12500 625685908
13000 677819825
13500 731593891
14000 787415420
14500 845241981
15000 905089168
15500 967440659
16000 1031364222
16500 1097303740
17000 1165265917
17500 1235207209
18000 1307251434
18500 1381223143
19000 1457726257
19500 1535748737
20000 1615783084
20500 1698330438
21000 1782478365
21500 1868611396
22000 1957199912
22500 2047416510
23000 2139640199
23500 2233928876
24000 2330496702
24500 2428931272
25000 2529829590
25500 2632295437
26000 2737169633
26500 2843666402
27000 2952700642
27500 3063311868
28000 3175934312
28500 3290651420
29000 3407500461
29500 3526586453
30000 3647608634
30500 3770335425
31000 3895075811
31500 4022360069
32000 4151182036
32500 4282009269
33000 4414817514
33500 4550041198
34000 4687336556
34500 4826416607
35000 4967970017
35500 5111291361
36000 5256669664
36500 5404023400
37000 5553818070
37500 5705586552
38000 5858983980
38500 6015016115
39000 6172476728
39500 6331964988
40000 6493911526
40500 6657811028
41000 6823368426
41500 6991450250
42000 7161335349
42500 7333324064
43000 7507664197
43500 7683765296
44000 7861538331
44500 8041968081
45000 8223957201
45500 8408034623
46000 8594497972
46500 8783142347
47000 8973498934
47500 9166391139
48000 9360874698
48500 9558062044
49000 9757141289
49500 9958041400
50000 10161377749
