0 0
500 31284
1000 50302
1500 67192
2000 84702
2500 101016
3000 117271
3500 133670
4000 149993
4500 166352
5000 182716
5500 199041
6000 215284
6500 231551
7000 247847
7500 264111
8000 280461
8500 296841
9000 313158
9500 329445
10000 345786
10500 362073
11000 378354
11500 394658
12000 411003
12500 427271
13000 443583
13500 459951
14000 476253
14500 492498
15000 508816
15500 525071
16000 541516
16500 557898
17000 574204
17500 590600
18000 606956
18500 623404
19000 639788
19500 656141
20000 672469
20500 688734
21000 705095
21500 721366
22000 737608
22500 754029
23000 770405
23500 786758
24000 803140
24500 819443
25000 882500
25500 902057
26000 919697
26500 936565
27000 954054
27500 970860
28000 987158
28500 1003398
29000 1019789
29500 1036110
30000 1052408
30500 1068708
31000 1084936
31500 1101226
32000 1117575
32500 1133873
33000 1150103
33500 1166389
34000 1182733
34500 1199035
35000 1215304
35500 1231639
36000 1247878
36500 1264227
37000 1280550
37500 1296778
38000 1313069
38500 1329370
39000 1345687
39500 1361968
40000 1378256
40500 1394700
41000 1411080
41500 1427359
42000 1443647
42500 1459956
43000 1476222
43500 1492452
44000 1508791
44500 1525140
45000 1541409
45500 1557789
46000 1574180
46500 1590480
47000 1606801
47500 1623132
48000 1639422
48500 1655770
49000 1672088
49500 1688367
50000 1704704
50500 1721005
51000 1737326
51500 1753719
52000 1769959
52500 1786260
53000 1802530
53500 1818810
54000 1835149
54500 1851450
55000 1867671
55500 1883999
56000 1900298
56500 1916599
57000 1932869
57500 1949148
58000 1965437
58500 1981787
59000 1998058
59500 2014286
60000 2030577
60500 2046941
61000 2063210
61500 2079489
62000 2095776
62500 2112178
63000 2128502
63500 2144833
64000 2161075
64500 2177374
65000 2193643
65500 2209925
66000 2226266
66500 2242667
67000 2258990
67500 2275370
68000 2291718
68500 2308019
69000 2324287
69500 2340667
70000 2356959
70500 2373257
71000 2389579
71500 2405807
72000 2422145
72500 2438581
73000 2455162
73500 2471491
74000 2487732
74500 2504033
75000 2520303
75500 2536585
76000 2552924
76500 2569174
77000 2585445
77500 2601825
78000 2618066
78500 2634489
79000 2650761
79500 2667092
80000 2683433
80500 2699734
81000 2715956
81500 2732235
82000 2748525
82500 2764825
83000 2781142
83500 2797422
84000 2813761
84500 2830163
85000 2846491
85500 2862822
86000 2879112
86500 2895459
87000 2911729
87500 2928062
88000 2944453
88500 2960855
89000 2977176
89500 2993556
90000 3009844
90500 3026094
91000 3042312
91500 3058643
92000 3074985
92500 3091234
93000 3107544
93500 3123823
94000 3140061
94500 3156361
95000 3172735
95500 3189017
96000 3205307
96500 3221556
97000 3237841
97500 3254071
98000 3270461
98500 3286711
99000 3303029
99500 3319361
100000 3335600
100500 3351970
101000 3368276
101500 3384569
102000 3400922
102500 3417218
103000 3433511
103500 3449812
104000 3466066
104500 3482463
105000 3498770
105500 3515057
106000 3531442
106500 3547730
107000 3564012
107500 3580364
108000 3596722
108500 3613077
109000 3629334
109500 3645720
110000 3662107
110500 3678485
111000 3694993
111500 3711258
112000 3727514
112500 3743769
113000 3760022
113500 3776256
114000 3792543
114500 3808769
115000 3825005
115500 3841298
116000 3857604
116500 3873913
117000 3890219
117500 3906453
118000 3922687
118500 3938914
119000 3955150
119500 3971394
120000 3987702
120500 4003958
121000 4020262
121500 4036544
122000 4052780
122500 4069005
123000 4085241
123500 4101488
124000 4117747
124500 4134004
125000 4150310
125500 4166592
126000 4182827
126500 4199052
127000 4215378
127500 4231622
128000 4247929
128500 4264182
129000 4280486
129500 4296781
130000 4313066
130500 4329294
131000 4345532
131500 4361776
132000 4378031
132500 4394284
133000 4410539
133500 4426772
134000 4443008
134500 4459236
135000 4475470
135500 4491712
136000 4508014
136500 4524271
137000 4540608
137500 4556843
138000 4573141
138500 4589384
139000 4605631
139500 4621876
140000 4638188
140500 4654445
141000 4670702
141500 4686935
142000 4703171
142500 4719399
143000 4735635
143500 4751882
144000 4768137
144500 4784393
145000 4800652
145500 4816885
146000 4884095
146500 4906740
147000 4923544
147500 4940000
148000 4956325
148500 4972769
149000 4989345
149500 5005571
150000 5021799
150500 5038084
151000 5054317
151500 5070630
152000 5086881
152500 5103131
153000 5119384
153500 5135614
154000 5151842
154500 5168071
155000 5184301
155500 5200543
156000 5216990
156500 5233287
157000 5249534
157500 5265759
158000 5281986
158500 5298212
159000 5314438
159500 5330674
160000 5346972
160500 5363221
161000 5379470
161500 5395719
162000 5411944
162500 5428174
163000 5444405
163500 5460643
164000 5476887
164500 5493185
165000 5509435
165500 5525663
166000 5541888
166500 5558115
167000 5574342
167500 5590579
168000 5606825
168500 5623122
169000 5639371
169500 5655596
170000 5671821
170500 5688047
171000 5704323
171500 5720562
172000 5736809
172500 5753056
173000 5769307
173500 5785632
174000 5801871
174500 5818100
175000 5834330
175500 5850571
176000 5866820
176500 5883070
177000 5899368
177500 5915645
178000 5931872
178500 5948148
179000 5964376
179500 5980615
180000 5996862
180500 6013109
181000 6029356
181500 6045581
182000 6061859
182500 6078087
183000 6094314
183500 6110552
184000 6126795
184500 6143043
185000 6159292
185500 6175515
186000 6191792
186500 6208017
187000 6224296
187500 6240535
188000 6256782
188500 6273029
189000 6289278
189500 6305501
190000 6321728
190500 6338002
191000 6354230
191500 6370471
192000 6386720
192500 6402965
193000 6419265
193500 6435490
194000 6451723
194500 6467998
195000 6484279
195500 6500519
196000 6516766
196500 6533061
197000 6549311
197500 6565534
198000 6581762
198500 6598014
199000 6614252
199500 6630497
199998 6646690
