0 0
500 37934
1000 59742
1500 83338
2000 99483
2500 115406
3000 158226
3500 176129
4000 192071
4500 207892
5000 223710
5500 304955
6000 322772
6500 338714
7000 354556
7500 370421
8000 386239
8500 402068
9000 417967
9500 433826
10000 449655
10500 465514
11000 615968
11500 643389
12000 659490
12500 675432
13000 691328
13500 707227
14000 723124
14500 739020
15000 754921
15500 770812
16000 786735
16500 802649
17000 818589
17500 834522
18000 850379
18500 866300
19000 882208
19500 898111
20000 913997
20500 929956
21000 945834
21500 961714
22000 1242636
22500 1261867
23000 1277966
23500 1293898
24000 1309770
24500 1325658
25000 1341574
25500 1357423
26000 1373287
26500 1389191
27000 1405105
27500 1420988
28000 1436866
28500 1452725
29000 1468605
29500 1484491
30000 1500352
30500 1516213
31000 1532101
31500 1548002
32000 1563846
32500 1579693
33000 1595593
33500 1611505
34000 1627377
34500 1643230
35000 1659187
35500 1675062
36000 1690909
36500 1706746
37000 1722644
37500 1738527
38000 1754459
38500 1770314
39000 1786217
39500 1802089
40000 1817977
40500 1833828
41000 1849752
41500 1865619
42000 1881493
42500 1897349
43000 1913233
43500 1929124
44000 2475008
44500 2494769
45000 2510797
45500 2526846
46000 2542775
46500 2558625
47000 2574510
47500 2590382
48000 2606204
48500 2622139
49000 2638031
49500 2653900
50000 2669715
50500 2685546
51000 2701483
51500 2717369
52000 2733229
52500 2749168
53000 2765394
53500 2781372
54000 2797409
54500 2813255
55000 2829206
55500 2845100
56000 2861007
56500 2877016
57000 2892981
57500 2908875
58000 2924730
58500 2940580
59000 2956461
59500 2972335
60000 2988236
60500 3004114
61000 3019994
61500 3035915
62000 3051884
62500 3067705
63000 3083595
63500 3099459
64000 3115328
64500 3131179
65000 3147086
65500 3163047
66000 3178891
66500 3194732
67000 3210621
67500 3226531
68000 3242391
68500 3258220
69000 3274078
69500 3289955
70000 3305857
70500 3321694
71000 3337569
71500 3353414
72000 3369256
72500 3385177
73000 3401079
73500 3416938
74000 3432770
74500 3448801
75000 3464733
75500 3480586
76000 3496538
76500 3512444
77000 3528345
77500 3544281
78000 3560197
78500 3576082
79000 3591937
79500 3607809
80000 3623638
80500 3639548
81000 3655418
81500 3671410
82000 3687272
82500 3703130
83000 3718988
83500 3734978
84000 3750826
84500 3766680
85000 3782551
85500 3798420
86000 3814360
86500 3830232
87000 3846099
87500 3861983
88000 4971183
88500 4992122
89000 5008224
89500 5024395
90000 5040422
90500 5056322
91000 5072270
91500 5088129
92000 5104171
92500 5120032
93000 5136082
93500 5152080
94000 5168055
94500 5184062
95000 5200163
95500 5216135
96000 5232000
96500 5248043
97000 5263985
97500 5280286
98000 5296591
98500 5312631
99000 5328724
99500 5344932
100000 5360920
100500 5376875
101000 5392720
101500 5408736
102000 5424709
102500 5440592
103000 5456624
103500 5472624
104000 5488583
104500 5504522
105000 5520462
105500 5536437
106000 5552426
106500 5568403
107000 5584372
107500 5600469
108000 5616531
108500 5632397
109000 5648345
109500 5664309
110000 5680228
110500 5696129
111000 5712125
111500 5728194
112000 5744264
112500 5760169
113000 5776088
113500 5791983
114000 5807928
114500 5823956
115000 5840014
115500 5856013
116000 5872007
116500 5888028
117000 5904049
117500 5919970
118000 5935958
118500 5951901
119000 5967880
119500 5983914
120000 5999817
120500 6015875
121000 6031721
121500 6047737
122000 6063745
122500 6079801
123000 6095748
123500 6111793
124000 6127728
124500 6143705
125000 6159713
125500 6175663
126000 6191636
126500 6207521
127000 6223534
127500 6239532
128000 6255493
128500 6271384
129000 6287341
129500 6303269
130000 6319229
130500 6335101
131000 6351091
131500 6367000
132000 6382864
132500 6398806
133000 6414800
133500 6430847
134000 6446890
134500 6462769
135000 6478741
135500 6494671
136000 6510713
136500 6526728
137000 6542950
137500 6559044
138000 6575072
138500 6591124
139000 6607170
139500 6623190
140000 6639119
140500 6655094
141000 6671050
141500 6687009
142000 6703119
142500 6719170
143000 6735144
143500 6751280
144000 6767304
144500 6783271
145000 6799156
145500 6815244
146000 6836653
146500 6854171
147000 6870443
147500 6886470
148000 6902438
148500 6918392
149000 6934408
149500 6950474
150000 6966667
150500 6982642
151000 6998685
151500 7014658
152000 7030542
152500 7046396
153000 7062303
153500 7078139
154000 7094036
154500 7109902
155000 7125870
155500 7141893
156000 7157808
156500 7173645
157000 7189546
157500 7205572
158000 7221587
158500 7237699
159000 7254043
159500 7270126
160000 7286368
160500 7302587
161000 7318626
161500 7334621
162000 7350664
162500 7366721
163000 7382748
163500 7398699
164000 7414607
164500 7430587
165000 7446570
165500 7462642
166000 7478723
166500 7494665
167000 7510670
167500 7526705
168000 7542604
168500 7558715
169000 7574685
169500 7590744
170000 7606660
170500 7622691
171000 7638628
171500 7654582
172000 7670598
172500 7686562
173000 7702581
173500 7718681
174000 7734639
174500 7750506
175000 7766465
175500 9846269
176000 9878502
176500 9894839
177000 9910958
177500 9927232
178000 9943474
178500 9959596
179000 9975710
179500 9991726
180000 10007698
180500 10023706
181000 10039755
181500 10055898
182000 10071923
182500 10087952
183000 10104052
183500 10120024
184000 10136037
184500 10152050
185000 10167963
185500 10183938
186000 10199916
186500 10215994
187000 10232144
187500 10248130
188000 10264086
188500 10280121
189000 10296146
189500 10312202
190000 10328198
190500 10344212
191000 10360345
191500 10376505
192000 10392504
192500 10408414
193000 10424370
193500 10440509
194000 10456645
194500 10472703
195000 10488721
195500 10504621
196000 10520597
196500 10536569
197000 10552607
197500 10568498
198000 10584541
198500 10600617
199000 10616767
199500 10632827
199998 10648818
