0 0
500 38800
1000 60053
1500 79525
2000 98962
2500 118286
3000 137601
3500 157036
4000 176333
4500 195641
5000 214913
5500 234227
6000 253502
6500 272846
7000 292140
7500 311468
8000 330759
8500 350088
9000 369371
9500 388808
10000 408104
10500 427477
11000 446801
11500 466090
12000 485509
12500 504941
13000 524327
13500 543670
14000 562991
14500 582231
15000 601559
15500 620854
16000 640472
16500 660567
17000 679945
17500 699317
18000 718624
18500 738009
19000 757327
19500 776645
20000 796050
20500 815380
21000 834744
21500 854038
22000 873335
22500 892712
23000 912024
23500 931339
24000 950676
24500 969991
25000 989274
25500 1008784
26000 1028241
26500 1047538
27000 1066933
27500 1086347
28000 1105681
28500 1124942
29000 1144328
29500 1163741
30000 1183046
30500 1202355
31000 1221670
31500 1240983
32000 1260297
32500 1279590
33000 1298914
33500 1318221
34000 1337544
34500 1356840
35000 1376136
35500 1395451
36000 1414723
36500 1434017
37000 1453290
37500 1472590
38000 1491905
38500 1511191
39000 1530479
39500 1549782
40000 1569111
40500 1588415
41000 1607709
41500 1627018
42000 1646330
42500 1665640
43000 1684872
43500 1704189
44000 1723503
44500 1742802
45000 1762095
45500 1781568
46000 1801102
46500 1820390
47000 1839709
47500 1859079
48000 1878491
48500 1897812
49000 1917110
49500 1936405
50000 1955660
50500 1974945
51000 1994250
51500 2013544
52000 2032868
52500 2052148
53000 2071455
53500 2090764
54000 2110083
54500 2129363
55000 2148654
55500 2167942
56000 2187252
56500 2206575
57000 2225820
57500 2245116
58000 2264449
58500 2283741
59000 2303054
59500 2322342
60000 2341663
60500 2360971
61000 2380289
61500 2399748
62000 2419262
62500 2438646
63000 2457964
63500 2477403
64000 2496840
64500 2516071
65000 2535374
65500 2554673
66000 2574115
66500 2593522
67000 2612884
67500 2632186
68000 2651518
68500 2670850
69000 2690152
69500 2709448
70000 2728936
70500 2748504
71000 2768180
71500 2787764
72000 2807201
72500 2826456
73000 2845758
73500 2865136
74000 2884533
74500 2903851
75000 2923133
75500 2942457
76000 2961838
76500 2981141
77000 3000584
77500 3019918
78000 3039210
78500 3058461
79000 3077765
79500 3097075
80000 3116378
80500 3135707
81000 3154998
81500 3174318
82000 3193674
82500 3213034
83000 3232319
83500 3251629
84000 3270931
84500 3301824
85000 3323827
85500 3343386
86000 3362863
86500 3382143
87000 3401462
87500 3420892
88000 3440353
88500 3459647
89000 3478972
89500 3498451
90000 3517782
90500 3537098
91000 3556419
91500 3575881
92000 3595489
92500 3614731
93000 3634092
93500 3653402
94000 3672827
94500 3692139
95000 3711439
95500 3730746
96000 3750149
96500 3769355
97000 3788609
97500 3807942
98000 3827296
98500 3846587
99000 3865853
99500 3885045
100000 3904409
100500 3923738
101000 3943086
101500 3962398
102000 3981743
102500 4001172
103000 4020517
103500 4039874
104000 4059224
104500 4078542
105000 4098010
105500 4117321
106000 4136817
106500 4156651
107000 4175943
107500 4195368
108000 4214770
108500 4234083
109000 4253425
109500 4272770
110000 4292094
110500 4311439
111000 4330785
111500 4350194
112000 4369550
112500 4388876
113000 4408188
113500 4427509
114000 4446778
114500 4466207
115000 4485693
115500 4505110
116000 4524501
116500 4543816
117000 4563159
117500 4582548
118000 4601922
118500 4621279
119000 4640645
119500 4659991
120000 4679350
120500 4698668
121000 4717932
121500 4737246
122000 4756561
122500 4775919
123000 4795270
123500 4814617
124000 4833966
124500 4853292
125000 4872629
125500 4891933
126000 4911259
126500 4930610
127000 4949977
127500 4969338
128000 4988710
128500 5008002
129000 5027353
129500 5046682
130000 5066111
130500 5085530
131000 5104945
131500 5124306
132000 5143702
132500 5163025
133000 5182459
133500 5202111
134000 5221446
134500 5240784
135000 5260192
135500 5279484
136000 5298879
136500 5318296
137000 5338005
137500 5357424
138000 5376781
138500 5396118
139000 5415479
139500 5434828
140000 5454195
140500 5473533
141000 5492950
141500 5512338
142000 5531656
142500 5551092
143000 5570417
143500 5589749
144000 5609102
144500 5628442
145000 5647750
145500 5667091
146000 5686428
146500 5710625
147000 5730934
147500 5750365
148000 5769733
148500 5789024
149000 5808482
149500 5827844
150000 5847205
150500 5866556
151000 5886014
151500 5905508
152000 5924838
152500 5944161
153000 5963680
153500 5982997
154000 6002329
154500 6021676
155000 6041008
155500 6060348
156000 6079717
156500 6098976
157000 6118322
157500 6137649
158000 6156959
158500 6176298
159000 6195640
159500 6215116
160000 6234676
160500 6254117
161000 6273470
161500 6292783
162000 6312101
162500 6331430
163000 6350776
163500 6370162
164000 6389452
164500 6408788
165000 6428111
165500 6447402
166000 6466742
166500 6486155
167000 6505581
167500 6524933
168000 6544279
168500 6563586
169000 6582953
169500 6602257
170000 6621624
170500 6640960
171000 6660253
171500 6679592
172000 6698947
172500 6718257
173000 6737576
173500 6756888
174000 6776274
174500 6795603
175000 6814997
175500 6834340
176000 6853775
176500 6873278
177000 6892603
177500 6911913
178000 6931167
178500 6950509
179000 6969854
179500 6989197
180000 7008529
180500 7027860
181000 7047183
181500 7066485
182000 7085814
182500 7105187
183000 7124517
183500 7143860
184000 7163213
184500 7182516
185000 7201799
185500 7221117
186000 7240425
186500 7259747
187000 7285711
187500 7306918
188000 7326387
188500 7345712
189000 7365187
189500 7384497
190000 7403824
190500 7423199
191000 7442629
191500 7461974
192000 7481327
192500 7500641
193000 7519975
193500 7539288
194000 7558754
194500 7578289
195000 7597742
195500 7617090
196000 7636539
196500 7655965
197000 7675291
197500 7694620
198000 7713937
198500 7733399
199000 7752787
199500 7772122
199998 7791505
