0 0
500 11974
1000 27339
1500 38251
2000 45293
2500 51701
3000 58154
3500 64606
4000 70741
4500 76854
5000 83124
5500 89259
6000 95359
6500 101468
7000 107603
7500 113761
8000 119825
8500 125961
9000 132084
9500 138203
10000 144394
10500 150540
11000 156609
11500 162723
12000 168806
12500 174979
13000 181061
13500 187215
14000 193282
14500 199378
15000 205551
15500 211725
16000 217969
16500 224160
17000 230258
17500 236413
18000 242688
18500 248820
19000 254944
19500 261062
20000 267316
20500 273391
21000 279486
21500 285562
22000 291623
22500 297654
23000 303737
23500 309830
24000 315922
24500 322095
25000 328116
25500 334248
26000 340329
26500 346428
27000 352539
27500 358600
28000 364672
28500 370711
29000 376802
29500 382858
30000 388905
30500 394954
31000 400963
31500 407094
32000 413244
32500 419336
33000 425333
33500 431380
34000 437393
34500 443439
35000 449554
35500 455672
36000 461777
36500 467889
37000 473962
37500 480036
38000 486083
38500 492129
39000 498263
39500 504309
40000 510530
40500 516638
41000 522669
41500 528752
42000 534900
42500 540896
43000 546963
43500 553010
44000 559081
44500 565125
45000 571147
45500 577181
46000 583228
46500 589333
47000 595375
47500 601447
48000 607570
48500 613702
49000 619800
49500 625861
50000 631855
50500 637902
51000 643992
51500 649988
52000 656060
52500 662077
53000 668098
53500 674283
54000 680352
54500 686535
55000 692545
55500 698572
56000 704646
56500 710717
57000 716767
57500 722874
58000 728931
58500 734953
59000 741048
59500 747044
60000 753165
60500 759182
61000 765186
61500 771259
62000 777326
62500 783403
63000 789412
63500 795408
64000 801431
64500 807448
65000 813444
65500 819465
66000 825459
66500 831490
67000 837498
67500 843493
68000 849565
68500 855583
69000 861585
69500 867640
70000 873636
70500 879683
71000 885692
71500 891687
72000 897707
72500 903725
73000 909721
73500 915743
74000 921738
74500 927734
75000 933771
75500 939794
76000 945815
76500 951834
77000 957831
77500 963853
78000 969848
78500 975845
79000 981853
79500 987854
80000 993872
80500 999890
81000 1005886
81500 1011932
82000 1017952
82500 1023952
83000 1030013
83500 1036042
84000 1042061
84500 1048059
85000 1054057
85500 1060082
86000 1066101
86500 1072100
87000 1078089
87500 1084116
88000 1090138
88500 1096137
89000 1102132
89500 1108177
90000 1114199
90500 1120200
91000 1126198
91500 1132226
92000 1138249
92500 1144252
93000 1150256
93500 1156283
94000 1162303
94500 1168304
95000 1174297
95500 1180324
96000 1186347
96500 1192348
97000 1198376
97500 1204400
98000 1210423
98500 1216422
99000 1222415
99500 1228443
100000 1234466
100500 1240508
101000 1246518
101500 1252523
102000 1258540
102500 1264548
103000 1270572
103500 1276600
104000 1282627
104500 1288655
105000 1294661
105500 1300665
106000 1306680
106500 1312681
107000 1318705
107500 1324731
108000 1330760
108500 1336788
109000 1342796
109500 1348803
110000 1354810
110500 1360809
111000 1366827
111500 1372874
112000 1378902
112500 1384929
113000 1390934
113500 1396940
114000 1402947
114500 1408946
115000 1414966
115500 1420989
116000 1427017
116500 1433044
117000 1439049
117500 1445056
118000 1451063
118500 1457062
119000 1463080
119500 1469106
120000 1475135
120500 1481164
121000 1487173
121500 1493180
122000 1499187
122500 1505182
123000 1511200
123500 1517226
124000 1523254
124500 1529281
125000 1535287
125500 1541294
126000 1547301
126500 1553300
127000 1559318
127500 1565344
128000 1571375
128500 1577403
129000 1583409
129500 1589417
130000 1595421
130500 1601420
131000 1607438
131500 1613466
132000 1619494
132500 1625523
133000 1631529
133500 1637537
134000 1643544
134500 1649544
135000 1655565
135500 1661591
136000 1667618
136500 1673646
137000 1679652
137500 1685659
138000 1691668
138500 1697667
139000 1703686
139500 1709727
140000 1715757
140500 1721786
141000 1727793
141500 1733800
142000 1739809
142500 1745808
143000 1751826
143500 1757852
144000 1763878
144500 1769907
145000 1775912
145500 1781919
146000 1787926
146500 1793927
147000 1799945
147500 1805971
148000 1811999
148500 1818028
149000 1824033
149500 1830041
150000 1839266
150500 1846218
151000 1852374
151500 1858459
152000 1864504
152500 1870551
153000 1876571
153500 1882595
154000 1888620
154500 1894649
155000 1900692
155500 1906732
156000 1912779
156500 1918824
157000 1924854
157500 1930875
158000 1936894
158500 1942916
159000 1948958
159500 1955002
160000 1961047
160500 1967094
161000 1973119
161500 1979137
162000 1985157
162500 1991177
163000 1997219
163500 2003259
164000 2009304
164500 2015351
165000 2021373
165500 2027393
166000 2033413
166500 2039435
167000 2045477
167500 2051521
168000 2057566
168500 2063613
169000 2069632
169500 2075654
170000 2081675
170500 2087697
171000 2093739
171500 2099783
172000 2105832
172500 2111879
173000 2117899
173500 2123920
174000 2129940
174500 2135961
175000 2141992
175500 2148034
176000 2154079
176500 2160126
177000 2166146
177500 2172165
178000 2178185
178500 2184207
179000 2190249
179500 2196293
180000 2202338
180500 2208383
181000 2214401
181500 2220419
182000 2226438
182500 2232459
183000 2238501
183500 2244544
184000 2250589
184500 2256636
185000 2262653
185500 2268674
186000 2274697
186500 2280723
187000 2286768
187500 2292811
188000 2298856
188500 2304903
189000 2310915
189500 2316935
190000 2322955
190500 2328977
191000 2335019
191500 2341061
192000 2347105
192500 2353150
193000 2359170
193500 2365190
194000 2371212
194500 2377233
195000 2383286
195500 2389347
196000 2395405
196500 2401451
197000 2407478
197500 2413498
198000 2419520
198500 2425585
199000 2431640
199500 2437691
199998 2443732
