0 0
500 38487
1000 59706
1500 79424
2000 99048
2500 118620
3000 138177
3500 157780
4000 177312
4500 196878
5000 216480
5500 236050
6000 255585
6500 275152
7000 294687
7500 314257
8000 333790
8500 353354
9000 372892
9500 392454
10000 411989
10500 431557
11000 451124
11500 470667
12000 490256
12500 509822
13000 529375
13500 548941
14000 568476
14500 588013
15000 607575
15500 627126
16000 646708
16500 666276
17000 685819
17500 705405
18000 724946
18500 744500
19000 764070
19500 783607
20000 803180
20500 822750
21000 842302
21500 861867
22000 881402
22500 900962
23000 920527
23500 940083
24000 959662
24500 979211
25000 998733
25500 1018285
26000 1037859
26500 1057384
27000 1076939
27500 1096490
28000 1116053
28500 1135594
29000 1155131
29500 1174682
30000 1194233
30500 1213758
31000 1233291
31500 1252838
32000 1272392
32500 1291907
33000 1311436
33500 1330977
34000 1350529
34500 1370049
35000 1389579
35500 1409124
36000 1428673
36500 1448189
37000 1467716
37500 1487259
38000 1506808
38500 1526324
39000 1545850
39500 1565393
40000 1584942
40500 1604459
41000 1623985
41500 1643527
42000 1663076
42500 1682590
43000 1702116
43500 1721657
44000 1741206
44500 1760722
45000 1780249
45500 1799792
46000 1819341
46500 1838857
47000 1858383
47500 1877921
48000 1897475
48500 1916990
49000 1936515
49500 1956053
50000 1975605
50500 1995120
51000 2014647
51500 2034198
52000 2053755
52500 2073271
53000 2092798
53500 2112338
54000 2131891
54500 2151405
55000 2170928
55500 2190468
56000 2210022
56500 2229549
57000 2249075
57500 2268613
58000 2288167
58500 2307684
59000 2327209
59500 2346747
60000 2366301
60500 2385817
61000 2405343
61500 2424881
62000 2444431
62500 2463947
63000 2483474
63500 2503018
64000 2522574
64500 2542090
65000 2561617
65500 2581155
66000 2600708
66500 2620224
67000 2639749
67500 2659287
68000 2678841
68500 2698355
69000 2717877
69500 2737416
70000 2756970
70500 2776489
71000 2796016
71500 2815556
72000 2835110
72500 2854626
73000 2874152
73500 2893690
74000 2913242
74500 2932760
75000 2952287
75500 2971826
76000 2991378
76500 3010892
77000 3030418
77500 3049956
78000 3069508
78500 3089024
79000 3108552
79500 3128092
80000 3147646
80500 3167164
81000 3186691
81500 3206229
82000 3225781
82500 3245297
83000 3264823
83500 3284363
84000 3303915
84500 3323431
85000 3342958
85500 3362498
86000 3382052
86500 3401568
87000 3421095
87500 3440635
88000 3460189
88500 3479704
89000 3499229
89500 3518767
90000 3538319
90500 3557832
91000 3577357
91500 3596895
92000 3616460
92500 3635976
93000 3774083
93500 3795794
94000 3815484
94500 3835048
95000 3854616
95500 3874215
96000 3893810
96500 3913373
97000 3932940
97500 3952533
98000 3972129
98500 3991697
99000 4011288
99500 4030881
100000 4050472
100500 4070056
101000 4089637
101500 4109226
102000 4128802
102500 4148403
103000 4167999
103500 4187602
104000 4207200
104500 4226780
105000 4246355
105500 4265922
106000 4285495
106500 4305095
107000 4324690
107500 4344294
108000 4363893
108500 4383472
109000 4403046
109500 4422617
110000 4442192
110500 4461785
111000 4481389
111500 4500999
112000 4520597
112500 4540175
113000 4559746
113500 4579317
114000 4598892
114500 4618485
115000 4638080
115500 4657683
116000 4677281
116500 4696853
117000 4716432
117500 4735999
118000 4755580
118500 4775173
119000 4794779
119500 4814383
120000 4833993
120500 4853586
121000 4873172
121500 4892743
122000 4912331
122500 4931925
123000 4951531
123500 4971134
124000 4990746
124500 5010325
125000 5029909
125500 5049484
126000 5069068
126500 5088660
127000 5108264
127500 5127873
128000 5147484
128500 5167064
129000 5186656
129500 5206227
130000 5225811
130500 5245400
131000 5265004
131500 5284604
132000 5304211
132500 5323788
133000 5343369
133500 5362935
134000 5382519
134500 5402115
135000 5421721
135500 5441321
136000 5460945
136500 5480525
137000 5500112
137500 5519681
138000 5539269
138500 5558857
139000 5578462
139500 5598063
140000 5617674
140500 5637255
141000 5656838
141500 5676411
142000 5695999
142500 5715589
143000 5735194
143500 5754794
144000 5774404
144500 5793983
145000 5813566
145500 5833138
146000 5852720
146500 5875692
147000 5895994
147500 5915646
148000 5935246
148500 5954801
149000 5974360
149500 5993914
150000 6013474
150500 6033063
151000 6052658
151500 6072253
152000 6091848
152500 6111413
153000 6130986
153500 6150540
154000 6170100
154500 6189678
155000 6209268
155500 6228860
156000 6248456
156500 6268016
157000 6287594
157500 6307148
158000 6326712
158500 6346295
159000 6365887
159500 6385480
160000 6405071
160500 6424632
161000 6444224
161500 6463774
162000 6483337
162500 6502919
163000 6522512
163500 6542104
164000 6561696
164500 6581256
165000 6600826
165500 6620384
166000 6639952
166500 6659533
167000 6679123
167500 6698713
168000 6718306
168500 6737867
169000 6757437
169500 6776989
170000 6796551
170500 6816132
171000 6835724
171500 6855315
172000 6874907
172500 6894467
173000 6914037
173500 6933591
174000 6953167
174500 6972751
175000 6992346
175500 7011940
176000 7031535
176500 7051095
177000 7070668
177500 7090222
178000 7109783
178500 7129363
179000 7148955
179500 7168549
180000 7188141
180500 7207701
181000 7227272
181500 7246827
182000 7266391
182500 7285970
183000 7305559
183500 7325149
184000 7344741
184500 7364318
185000 7383886
185500 7403438
186000 7423000
186500 7442579
187000 7462170
187500 7481762
188000 7501355
188500 7520916
189000 7540486
189500 7560038
190000 7579598
190500 7599179
191000 7618784
191500 7638395
192000 7663746
192500 7685038
193000 7704667
193500 7724240
194000 7743808
194500 7763411
195000 7783011
195500 7802609
196000 7822206
196500 7841771
197000 7861336
197500 7880893
198000 7900460
198500 7920126
199000 7939738
199500 7959345
199998 7978893
