0 0
500 94668
1000 117185
1500 137466
2000 157393
2500 177127
3000 196866
3500 216543
4000 236229
4500 255945
5000 275651
5500 295313
6000 314947
6500 334631
7000 354335
7500 374020
8000 393715
8500 413524
9000 433295
9500 452997
10000 472853
10500 492527
11000 511629
11500 531270
12000 550881
12500 570617
13000 590272
13500 609989
14000 629703
14500 649721
15000 669430
15500 689477
16000 709132
16500 728868
17000 748667
17500 768479
18000 788367
18500 808106
19000 827786
19500 847438
20000 867103
20500 885427
21000 903794
21500 922036
22000 940299
22500 958536
23000 976722
23500 994940
24000 1013138
24500 1031386
25000 1049606
25500 1067845
26000 1086072
26500 1104320
27000 1122533
27500 1140764
28000 1158974
28500 1177151
29000 1195408
29500 1213622
30000 1231813
30500 1250008
31000 1268199
31500 1286430
32000 1304629
32500 1322826
33000 1341045
33500 1359257
34000 1377434
34500 1395628
35000 1413850
35500 1432068
36000 1450238
36500 1468440
37000 1486658
37500 1504868
38000 1523045
38500 1541236
39000 1559433
39500 1577642
40000 1595819
40500 1614004
41000 1632258
41500 1650471
42000 1668643
42500 1686844
43000 1705043
43500 1723264
44000 1741438
44500 1759626
45000 1777836
45500 1796049
46000 1814229
46500 1832443
47000 1850653
47500 1868874
48000 1887043
48500 1905291
49000 1923553
49500 1941766
50000 1959931
50500 1978126
51000 1996316
51500 2014535
52000 2032772
52500 2050964
53000 2069226
53500 2087442
54000 2105620
54500 2123814
55000 2142003
55500 2160229
56000 2178401
56500 2196601
57000 2214822
57500 2233040
58000 2251217
58500 2269405
59000 2287593
59500 2305808
60000 2323996
60500 2342193
61000 2360411
61500 2378637
62000 2396831
62500 2415035
63000 2433294
63500 2451542
64000 2469726
64500 2487907
65000 2506123
65500 2524346
66000 2542523
66500 2560739
67000 2578959
67500 2597195
68000 2615381
68500 2633578
69000 2651781
69500 2670031
70000 2688208
70500 2706462
71000 2724720
71500 2742933
72000 2761133
72500 2779341
73000 2797570
73500 2815874
74000 2834047
74500 2852262
75000 2870476
75500 2888700
76000 2906874
76500 2925098
77000 2943308
77500 2961540
78000 2979714
78500 2997909
79000 3016108
79500 3034326
80000 3052517
80500 3070703
81000 3088923
81500 3107148
82000 3125329
82500 3143546
83000 3161756
83500 3179980
84000 3198158
84500 3216348
85000 3234555
85500 3252772
86000 3270944
86500 3289157
87000 3307359
87500 3325580
88000 3343766
88500 3361955
89000 3380146
89500 3398392
90000 3416571
90500 3434744
91000 3452942
91500 3471168
92000 3489402
92500 3507598
93000 3525878
93500 3544104
94000 3562274
94500 3580464
95000 3598666
95500 3616949
96000 3635115
96500 3653319
97000 3671549
97500 3689759
98000 3707934
98500 3726133
99000 3744319
99500 3762540
100000 3780717
100500 3798935
101000 3817147
101500 3835376
102000 3853613
102500 3871846
103000 3890078
103500 3908293
104000 3926506
104500 3944697
105000 3962890
105500 3981099
106000 3999305
106500 4062913
107000 4083333
107500 4101891
108000 4120553
108500 4138744
109000 4156973
109500 4175202
110000 4193472
110500 4211715
111000 4229961
111500 4248188
112000 4266414
112500 4284597
113000 4302831
113500 4321062
114000 4339338
114500 4357556
115000 4375848
115500 4394050
116000 4412273
116500 4430480
117000 4448715
117500 4466947
118000 4485190
118500 4503415
119000 4521637
119500 4539845
120000 4558080
120500 4576272
121000 4594517
121500 4612738
122000 4630967
122500 4649199
123000 4667439
123500 4685703
124000 4703951
124500 4722150
125000 4740462
125500 4758691
126000 4776926
126500 4795165
127000 4813410
127500 4831639
128000 4849867
128500 4868033
129000 4886277
129500 4904503
130000 4922733
130500 4940956
131000 4959193
131500 4977409
132000 4995639
132500 5013828
133000 5032068
133500 5050299
134000 5068538
134500 5086760
135000 5105000
135500 5123188
136000 5141413
136500 5159674
137000 5177906
137500 5196138
138000 5214375
138500 5232594
139000 5250833
139500 5269037
140000 5287287
140500 5305459
141000 5323701
141500 5341930
142000 5360165
142500 5378383
143000 5396622
143500 5414842
144000 5433064
144500 5451259
145000 5469533
145500 5487756
146000 5510455
146500 5530032
147000 5548742
147500 5567099
148000 5585334
148500 5603545
149000 5621793
149500 5640027
150000 5658299
150500 5676543
151000 5694802
151500 5713020
152000 5731264
152500 5749493
153000 5767751
153500 5785990
154000 5804257
154500 5822520
155000 5840793
155500 5859022
156000 5877270
156500 5895499
157000 5913763
157500 5932018
158000 5950339
158500 5968652
159000 5986901
159500 6005121
160000 6023375
160500 6041611
161000 6059901
161500 6078147
162000 6096417
162500 6114688
163000 6132964
163500 6151217
164000 6169476
164500 6187702
165000 6205953
165500 6224193
166000 6242446
166500 6260703
167000 6279155
167500 6297386
168000 6315634
168500 6333903
169000 6352154
169500 6370391
170000 6388672
170500 6406931
171000 6425180
171500 6443433
172000 6461685
172500 6479925
173000 6498201
173500 6516457
174000 6534743
174500 6553007
175000 6571281
175500 6589504
176000 6607753
176500 6625980
177000 6644245
177500 6662496
178000 6680745
178500 6699002
179000 6717261
179500 6735524
180000 6753782
180500 6772057
181000 6790308
181500 6808554
182000 6826807
182500 6845062
183000 6863321
183500 6881546
184000 6899785
184500 6918009
185000 6936260
185500 6954489
186000 6972743
186500 6990999
187000 7009265
187500 7027489
188000 7045753
188500 7063979
189000 7082280
189500 7100525
190000 7118781
190500 7137100
191000 7155358
191500 7173589
192000 7191847
192500 7210067
193000 7228330
193500 7246579
194000 7264845
194500 7283108
195000 7301379
195500 7319606
196000 7337865
196500 7356110
197000 7374356
197500 7392610
198000 7410880
198500 7429179
199000 7447453
199500 7465677
199998 7483966
