0 0
500 242385
1000 862345
1500 2136357
2000 4691299
2500 7908544
3000 11831141
3500 16456654
4000 21791081
4500 27833918
5000 34580637
5500 42080049
6000 50305120
6500 59218201
7000 68849894
7500 79313142
8000 90496241
8500 102480640
9000 115293722
9500 128831661
10000 143191278
10500 158306327
11000 174223919
11500 190920337
12000 208394635
12500 226871788
13000 246032104
13500 266038985
14000 286768822
14500 308248025
15000 330908482
15500 353952212
16000 377818730
16500 402389962
17000 427822279
17500 453905396
18000 480769930
18500 508412205
19000 536821656
19500 566103497
20000 596239505
20500 627118580
21000 658723924
21500 691034158
22000 724105375
22500 757921998
23000 792519513
23500 828504706
24000 864669121
24500 901588662
25000 939358880
25500 977724983
26000 1016940550
26500 1057048764
27000 1097835552
27500 1139282471
28000 1181514838
28500 1224467064
29000 1268205312
29500 1312764088
30000 1358367279
30500 1404459471
31000 1451210467
31500 1498758280
32000 1547042334
32500 1596191591
33000 1646054148
33500 1696521390
34000 1747755569
34500 1799820499
35000 1853031827
35500 1906789431
36000 1961131351
36500 2016139846
37000 2072003320
37500 2128629443
38000 2185940917
38500 2243975662
39000 2302960716
39500 2363032493
40000 2423645483
40500 2484848216
41000 2547058781
41500 2609839103
42000 2673310961
42500 2737541788
43000 2802536612
43500 2868672984
44000 2935462979
44500 3002804358
45000 3071004492
45500 3139750913
46000 3209182468
46500 3279324382
47000 3350798179
47500 3422684776
48000 3495230106
48500 3568469750
49000 3642658216
49500 3717342047
50000 3792872562
50500 3869495140
51000 3946686000
51500 4024446395
52000 4103011794
52500 4182363660
53000 4262440953
53500 4343187318
54000 4425371228
54500 4507830785
55000 4591157459
55500 4674984958
56000 4759626772
56500 4844884295
57000 4931625191
57500 5018467434
58000 5106117867
58500 5194542570
59000 5283697482
59500 5374035670
60000 5464798093
60500 5556161806
61000 5648529361
61500 5741571075
62000 5835384323
62500 5930391633
63000 6025704323
63500 6121875485
64000 6218715593
64500 6316383806
65000 6415206284
65500 6514265853
66000 6614368485
66500 6715074140
67000 6816403510
67500 6919105937
68000 7022374176
68500 7126207879
69000 7230799071
69500 7335925892
70000 7442466545
70500 7549101218
71000 7656804183
71500 7765056750
72000 7874497775
72500 7984514246
73000 8095365024
73500 8206934132
74000 8319117656
74500 8432678055
75000 8546318611
75500 8660934947
76000 8777235665
76500 8894406005
77000 9011921569
77500 9129503265
78000 9247763032
78500 9366663005
79000 9486865998
79500 9607285410
80000 9728493627
80500 9850454019
81000 9973595575
81500 10097092985
82000 10221511801
82500 10346406886
83000 10472565969
83500 10599282510
84000 10726499374
84500 10854434901
85000 10984055183
85500 11113731192
86000 11244018786
86500 11375112643
87000 11507600054
87500 11640543728
88000 11774172529
88500 11908902183
89000 12044203289
89500 12180226223
90000 12316863399
90500 12454712563
91000 12593093167
91500 12732142993
92000 12872293145
92500 13013350310
93000 13154820675
93500 13296880570
94000 13440440906
94500 13584210315
95000 13728835206
95500 13874110229
96000 14020616164
96500 14167432991
97000 14315080429
97500 14463941812
98000 14614120828
98500 14764263713
99000 14915703362
99500 15067508569
