0 0
500 31847
1000 58071
1500 82896
2000 106805
2500 130652
3000 164260
3500 195483
4000 226732
4500 256276
5000 287390
5500 319021
6000 349569
6500 380878
7000 411336
7500 442225
8000 472571
8500 504730
9000 535486
9500 566000
10000 597096
10500 627574
11000 658786
11500 689236
12000 719929
12500 751415
13000 782013
13500 813301
14000 844757
14500 876187
15000 905718
15500 936196
16000 967326
16500 997896
17000 1029862
17500 1060911
18000 1091730
18500 1120666
19000 1150697
19500 1181957
20000 1214360
20500 1245236
21000 1274895
21500 1304406
22000 1333735
22500 1365079
23000 1395558
23500 1425281
24000 1455460
24500 1485082
25000 1515568
25500 1545824
26000 1575541
26500 1605809
27000 1635394
27500 1665052
28000 1697069
28500 1726852
29000 1757135
29500 1785878
30000 1816161
30500 1846794
31000 1877249
31500 1907732
32000 1937373
32500 1967682
33000 1997375
33500 23581665
34000 88309558
34500 152486556
35000 216600850
35500 280763930
36000 345046285
36500 409847616
37000 474341673
37500 538516831
38000 603055479
38500 667189273
39000 731378970
39500 795487736
40000 859641357
40500 923753929
41000 987871824
41500 1052219308
42000 1116737978
42500 1180896953
43000 1245007804
43500 1309114233
44000 1373224710
44500 1437347396
45000 1501454790
45500 1565565091
46000 1630182688
46500 1694472288
47000 1758589801
47500 1822744499
48000 1886855893
48500 1950971385
49000 2015259447
49500 2079420328
50000 2144071361
50500 2208227710
51000 2272339529
51500 2336451974
52000 2400560744
52500 2464674461
53000 2528782999
53500 2592892761
54000 2657408964
54500 2721629193
55000 2785741207
55500 2849857389
56000 2914007254
56500 2978125068
57000 3042236194
57500 3106756115
58000 3170917930
58500 3235027767
59000 3299138924
59500 3363253132
60000 3427358052
60500 3491481194
61000 3555642237
61500 3620154523
62000 3684356397
62500 3748514255
63000 3812623093
63500 3876864798
64000 3941061599
64500 4005337425
65000 4069451877
65500 4133967605
66000 4198163700
66500 4262319467
67000 4306412750
67500 4344023187
68000 4385109791
68500 4428007004
69000 4474460443
69500 4524760685
70000 4576622681
70500 4632272944
71000 4690243456
71500 4752889172
72000 4816460415
72500 4882710288
73000 4953054228
73500 5026342226
74000 5101089532
74500 5179737279
75000 5258932165
75500 5339432604
76000 5424140839
76500 5509688840
77000 5600886115
77500 5690433114
78000 5784241734
78500 5878546540
79000 5975470519
79500 6076460338
80000 6177761426
80500 6279764179
81000 6382637292
81500 6489216201
82000 6596585045
82500 6706595083
83000 6816000766
83500 6929270791
84000 7042948591
84500 7155469002
85000 7269215374
85500 7389542522
86000 7501868615
86500 7617727324
87000 7736760876
87500 7853811152
88000 7974472668
88500 8100135250
89000 8220291732
89500 8345361887
90000 8472770710
90500 8601236221
91000 8731177738
91500 8861567900
92000 8992762517
92500 9122505995
93000 9254126205
93500 9387289263
94000 9521595389
94500 9657458619
95000 9791584593
95500 9921278793
96000 10062448318
96500 10200819124
97000 10339583586
97500 10481630092
98000 10612581642
98500 10752679454
99000 10895881337
99500 11034462792
100000 11179740288
100002 11180124752
