0 0
500 106310
1000 204868
1500 309155
2000 415539
2500 530852
3000 649498
3500 771077
4000 895547
4500 1024925
5000 1162304
5500 1304208
6000 1469970
6500 1628354
7000 1786016
7500 1948468
8000 2108655
8500 2274345
9000 2452300
9500 2639555
10000 2825181
10500 3007638
11000 3194831
11500 3385066
12000 3585814
12500 3786312
13000 3981627
13500 4185125
14000 4386980
14500 4591546
15000 4799870
15500 5008463
16000 5219135
16500 5438360
17000 5650326
17500 5866200
18000 6079130
18500 6295041
19000 6512082
19500 6728719
20000 6950341
20500 7171225
21000 7394878
21500 7614854
22000 7840775
22500 8068409
23000 8293825
23500 8519574
24000 8742329
24500 8970490
25000 9202629
25500 9445679
26000 9681430
26500 9918148
27000 10154719
27500 10390368
28000 10625217
28500 10862079
29000 11100810
29500 11340224
30000 11577758
30500 11820088
31000 12060124
31500 12301509
32000 12544139
32500 12784129
33000 13026820
33500 13272458
34000 13525980
34500 13777945
35000 14023897
35500 14268943
36000 14519036
36500 14764940
37000 15018298
37500 15270198
38000 15522194
38500 15774956
39000 16022091
39500 16282237
40000 16539956
40500 16796716
41000 17053987
41500 17312823
42000 17581018
42500 17838257
43000 18097441
43500 18355566
44000 18620918
44500 18879774
45000 19139125
45500 19404338
46000 19666335
46500 19932189
47000 20199735
47500 20465986
48000 20732841
48500 21007085
49000 21277507
49500 21556649
50000 21824608
50500 22101590
51000 22370269
51500 22642715
52000 22916468
52500 23187261
53000 23462851
53500 23734591
54000 24010335
54500 24285713
55000 24560042
55500 24834433
56000 25112609
56500 25396025
57000 25679782
57500 25963875
58000 26247582
58500 26528852
59000 26811490
59500 27093033
60000 27375391
60500 27657478
61000 27941330
61500 28224013
62000 28505510
62500 28794391
63000 29082662
63500 29375906
64000 29663567
64500 29951011
65000 30242645
65500 30536152
66000 30827224
66500 31126003
67000 31417722
67500 31706629
68000 31998438
68500 32292011
69000 32582369
69500 32874355
70000 33164200
70500 33468040
71000 33766036
71500 34059835
72000 34355995
72500 34650847
73000 34947393
73500 35249398
74000 35545006
74500 35840426
75000 36136989
75500 36433379
76000 36730229
76500 37034950
77000 37334099
77500 37650787
78000 37951520
78500 38252901
79000 38552367
79500 38861758
80000 39162172
80500 39466109
81000 39765108
81500 40069896
82000 40373998
82500 40678112
83000 40981504
83500 41283326
84000 41597722
84500 41907624
85000 42218262
85500 42525462
86000 42835893
86500 43148237
87000 43452884
87500 43760899
88000 44070156
88500 44382985
89000 44693013
89500 44999129
90000 45313342
90500 45630633
91000 45939209
91500 46253037
92000 46565956
92500 46872676
93000 47186911
93500 47505508
94000 47821326
94500 48136156
95000 48452691
95500 48776090
96000 49090707
96500 49416202
97000 49740533
97500 50058026
98000 50374316
98500 50691501
99000 51014493
99500 51334367
100000 51657849
100500 51983175
101000 52302002
101500 52624229
102000 52950915
102500 53271488
103000 53604953
103500 53940079
104000 54260915
104500 54587773
105000 54911725
105500 55237417
106000 55567254
106500 55901225
107000 56238482
107500 56567610
108000 56897563
108500 57230922
109000 57573434
109500 57901186
110000 58230098
110500 58565680
111000 58892328
111500 59226644
112000 59556170
112500 59889392
113000 60231062
113500 60573125
114000 60908473
114500 61240822
115000 61593703
115500 61933880
116000 62273186
116500 62607961
117000 62947678
117500 63283269
118000 63617449
118500 63952720
119000 64302078
119500 64639262
120000 64973501
120500 65315291
121000 65652428
121500 65998933
122000 66341222
122500 66686060
123000 67027680
123500 67364489
124000 67708028
124500 68051832
125000 68394468
125500 68731302
126000 69071222
126500 69415700
127000 69763048
127500 70104735
128000 70436875
128500 70782967
129000 71128935
129500 71469662
130000 71820724
130500 72163149
131000 72508045
131500 72854326
132000 73198679
132500 73554183
133000 73900092
133500 74253604
134000 74603726
134500 74957012
135000 75294950
135500 75643278
136000 75988587
136500 76332854
137000 76685597
137500 77042060
138000 77402212
138500 77744933
139000 78096675
139500 78449328
140000 78803037
140500 79153754
141000 79509329
141500 79867535
142000 80219132
142500 80575628
143000 80928673
143500 81284783
144000 81652931
144500 82007979
145000 82358242
145500 82716420
146000 83072094
146500 83426138
147000 83791639
147500 84153651
148000 84501984
148500 84862196
149000 85222905
149500 85585567
150000 85949462
150500 86309807
151000 86674896
151500 87037187
152000 87399038
152500 87758489
153000 88112059
153500 88481181
154000 88847101
154500 89204965
155000 89571884
155500 89944759
156000 90307474
156500 90672169
157000 91041587
157500 91402587
158000 91766872
158500 92128899
159000 92501761
159500 92874178
160000 93236169
160500 93609264
161000 93983305
161500 94354411
162000 94731956
162500 95098934
163000 95478464
163500 95846028
164000 96228357
164500 96605793
165000 96979394
165500 97353106
166000 97723972
166500 98100975
167000 98235659
167500 98251138
168000 98264499
168500 98277722
169000 98290759
169500 98303939
170000 98316973
170500 98330002
171000 98343020
171500 98356152
172000 98369444
172500 98382492
173000 98395605
173500 98408724
174000 98421731
174500 98434786
175000 98447853
175500 98460825
176000 98473841
176500 98486968
177000 98500015
177500 98513044
178000 98526089
178500 98539097
179000 98552123
179500 98565184
180000 98578243
180500 98591314
181000 98604380
181500 98617408
182000 98630471
182500 98643660
183000 98656847
183500 98670007
184000 98683061
184500 98696056
185000 98709041
185500 98722341
186000 98735381
186500 98748508
187000 98761536
187500 98774623
188000 98787725
188500 98800747
189000 98813785
189500 98826787
190000 98839787
190500 98852756
191000 98865779
191500 98878816
192000 98891791
192500 98904825
193000 98917854
193500 98930889
194000 98943996
194500 98957030
195000 98970075
195500 98983132
196000 98996178
196500 99009235
197000 99022268
197500 99035283
198000 99048310
198500 99061461
199000 99074618
199500 99087693
200000 99100754
200500 99113787
201000 99126873
201500 99140002
202000 99153080
202500 99166139
203000 99179146
203500 99192170
204000 99205204
204500 99218210
205000 99231336
205500 99244392
206000 99257416
206500 99270473
207000 99283576
207500 99296559
208000 99309560
208500 99322566
209000 99335629
209500 99348699
210000 99361805
210500 99374891
211000 99387949
211500 99401016
212000 99414013
212500 99426990
213000 99440066
213500 99453090
214000 99466089
214500 99479129
215000 99492231
215500 99505272
216000 99518236
216500 99531278
217000 99544327
217500 99557345
218000 99570460
218500 99583573
219000 99596547
219500 99609641
220000 99622683
220500 99635761
221000 99648829
221500 99661864
222000 99674878
222500 99687894
223000 99701002
223500 99714074
224000 99727179
224500 99740250
225000 99753252
225500 99766295
226000 99779327
226500 99792423
227000 99805556
227500 99818633
228000 99831562
228500 99844689
229000 99857934
229500 99871011
230000 99884150
230500 99897137
231000 99910166
231500 99923171
232000 99936273
232500 99949274
233000 99962297
233500 99975329
234000 99988365
234500 100001404
235000 100014375
235500 100027460
236000 100040520
236500 100053527
237000 100066562
237500 100079616
238000 100092586
238500 100105610
239000 100118708
239500 100131864
240000 100144890
240500 100158089
241000 100171370
241500 100184390
242000 100197387
242500 100210623
243000 100223675
243500 100236728
244000 100249821
244500 100262852
245000 100275820
245500 100288970
246000 100302076
246500 100315197
247000 100328424
247500 100341545
248000 100354617
248500 100367691
249000 100380697
249500 100393794
250000 100406866
250500 100420027
251000 100433121
251500 100446163
252000 100459203
252500 100472263
253000 100485357
253500 100498354
254000 100511395
254500 100524427
255000 100537543
255500 100550619
256000 100563669
256500 100576652
257000 100589608
257500 100602672
258000 100615755
258500 100628901
259000 100642136
259500 100655151
260000 100668342
260500 100681435
261000 100694395
261500 100707646
262000 100720758
262500 100733858
263000 100747152
263500 100766346
264000 100780435
264500 100793698
265000 100806716
265500 100819890
266000 100833190
266500 100846417
267000 100859582
267500 100872587
268000 100885576
268500 100898558
269000 100911554
269500 100924587
270000 100937597
270500 100950611
271000 100963686
271500 100976616
272000 100989616
272500 101002604
273000 101015530
273500 101028534
274000 101041650
274500 101054810
275000 101067941
275500 101081037
276000 101094122
276500 101107129
277000 101120093
277500 101133087
278000 101146100
278500 101159151
279000 101172318
279500 101185500
280000 101198538
280500 101211685
281000 101224767
281500 101237809
282000 101250955
282500 101264003
283000 101276956
283500 101290054
284000 101303085
284500 101316076
285000 101329078
285500 101350279
286000 101365022
286500 101378347
287000 101391476
287500 101404629
288000 101417825
288500 101430962
289000 101444201
289500 101457305
290000 101470348
290500 101483459
291000 101496682
291500 101509701
292000 101522774
292500 101535751
293000 101548667
293500 101561669
294000 101574715
294500 101587725
295000 101600749
295500 101613775
296000 101626890
296500 101640064
297000 101653072
297500 101666120
298000 101679108
298500 101692126
299000 101705112
299500 101718097
300000 101731135
300500 101744183
301000 101757199
301500 101770212
302000 101783269
302500 101796325
303000 101809366
303500 101822421
304000 101835452
304500 101848435
305000 101861501
305500 101874799
306000 101887842
306500 101900982
307000 101914075
307500 101927310
308000 101940446
308500 101953572
309000 101966733
309500 101979756
310000 101992765
310500 102005745
311000 102018670
311500 102031620
312000 102044608
312500 102057582
313000 102070514
313500 102083456
314000 102096456
314500 102109621
315000 102122678
315500 102135851
316000 102148877
316500 102161825
317000 102174806
317500 102187777
318000 102200730
318500 102213705
319000 102226881
319500 102239908
320000 102252898
320500 102265856
321000 102278760
321500 102291723
322000 102304684
322500 102317716
323000 102330913
323500 102343861
324000 102357050
324500 102370030
325000 102383133
325500 102396484
326000 102409478
326500 102422571
327000 102435669
327500 102448692
328000 102461756
328500 102474748
329000 102487782
329500 102500817
330000 102513848
330500 102526833
331000 102539856
331500 102552887
332000 102565978
332500 102578919
333000 102591840
333500 102756117
334000 103158898
334500 103543616
335000 103901810
335500 104257671
336000 104610574
336500 104952138
337000 105295956
337500 105665077
338000 105998286
338500 106334452
339000 106649452
339500 106967940
340000 107280163
340500 107586622
341000 107899397
341500 108204419
342000 108503543
342500 108808805
343000 109114185
343500 109422194
344000 109726445
344500 110026835
345000 110322300
345500 110615807
346000 110910004
346500 111200210
347000 111488289
347500 111779392
348000 112065758
348500 112355817
349000 112647193
349500 112922459
350000 113203694
350500 113538123
351000 113820433
351500 114100427
352000 114374734
352500 114656359
353000 114936683
353500 115213982
354000 115498545
354500 115778609
355000 116058646
355500 116337885
356000 116615967
356500 116894131
357000 117167145
357500 117448076
358000 117720503
358500 117992016
359000 118269418
359500 118543951
360000 118817149
360500 119089420
361000 119358758
361500 119632021
362000 119910142
362500 120172730
363000 120441900
363500 120712221
364000 120981144
364500 121248966
365000 121523251
365500 121798403
366000 122067122
366500 122331850
367000 122601180
367500 122869976
368000 123132847
368500 123397931
369000 123666022
369500 123933612
370000 124205334
370500 124477229
371000 124745620
371500 125014167
372000 125287205
372500 125598922
373000 125865597
373500 126131558
374000 126396029
374500 126666936
375000 126940246
375500 127214053
376000 127476320
376500 127735688
377000 127996887
377500 128262982
378000 128532764
378500 128802224
379000 129066615
379500 129339480
380000 129603382
380500 129866846
381000 130136559
381500 130393194
382000 130663018
382500 130929220
383000 131194381
383500 131457745
384000 131733377
384500 131996233
385000 132257524
385500 132521641
386000 132787129
386500 133048164
387000 133315219
387500 133595821
388000 133858036
388500 134125506
389000 134389753
389500 134652266
390000 134914976
390500 135180777
391000 135446538
391500 135711020
392000 135977064
392500 136241559
393000 136511151
393500 136776874
394000 137038624
394500 137301827
395000 137576452
395500 137834726
396000 138097326
396500 138359289
397000 138623294
397500 138884953
398000 139150440
398500 139417462
399000 139678338
399500 139941506
400000 140207277
400500 140468292
401000 140731825
401500 140991660
402000 141250860
402500 141528972
403000 141790702
403500 142054409
404000 142324229
404500 142595989
405000 142853895
405500 143121658
406000 143384247
406500 143646180
407000 143910234
407500 144175270
408000 144439128
408500 144700350
409000 144965702
409500 145229492
410000 145499883
410500 145766196
411000 146024859
411500 146289488
412000 146549648
412500 146804651
413000 147065634
413500 147331461
414000 147594014
414500 147859962
415000 148126864
415500 148389462
416000 148652520
416500 148913644
417000 149184567
417500 149452780
418000 149717259
418500 149973997
419000 150238678
419500 150498256
420000 150757772
420500 151022536
421000 151283465
421500 151539929
422000 151800640
422500 152063806
423000 152333302
423500 152600075
424000 152867890
424500 153130551
425000 153392743
425500 153659769
426000 153925970
426500 154189308
427000 154452634
427500 154714412
428000 154976578
428500 155237323
429000 155501534
429500 155766640
430000 156031521
430500 156294658
431000 156558186
431500 156820349
432000 157083314
432500 157352562
433000 157614595
433500 157876244
434000 158132838
434500 158390731
435000 158650143
435500 158918089
436000 159179778
436500 159435129
437000 159699883
437500 159964994
438000 160234171
438500 160490067
439000 160754477
439500 161016516
440000 161275131
440500 161542891
441000 161803168
441500 162071884
442000 162332406
442500 162598679
443000 162860348
443500 163128942
444000 163393293
444500 163653464
445000 163911802
445500 164171687
446000 164438820
446500 164701919
447000 164963127
447500 165223800
448000 165490273
448500 165756605
449000 166014169
449500 166276110
450000 166542151
450500 166806017
451000 167070372
451500 167338083
452000 167595104
452500 167854217
453000 168118922
453500 168374911
454000 168642239
454500 168907018
455000 169174922
455500 169440442
456000 169706253
456500 169971511
457000 170238500
457500 170498498
458000 170757685
458500 171025464
459000 171290500
459500 171555173
460000 171826166
460500 172084653
461000 172346185
461500 172603985
462000 172860903
462500 173124155
463000 173389775
463500 173650888
464000 173918759
464500 174182567
465000 174449455
465500 174712803
466000 174968809
466500 175234514
467000 175498872
467500 175764122
468000 176024068
468500 176287266
469000 176550092
469500 176808442
470000 177067521
470500 177335264
471000 177606864
471500 177873276
472000 178136404
472500 178396884
473000 178660788
473500 178925406
474000 179185020
474500 179448870
475000 179709005
475500 179976001
476000 180240631
476500 180492563
477000 180750534
477500 181008864
478000 181270731
478500 181542044
479000 181802071
479500 182065009
480000 182330976
480500 182595880
481000 182862163
481500 183118835
482000 183385083
482500 183654392
483000 183919662
483500 184182053
484000 184442321
484500 184705806
485000 184972207
485500 185232609
486000 185504469
486500 185768001
487000 186032701
487500 186292261
488000 186556510
488500 186819982
489000 187078919
489500 187343727
490000 187604887
490500 187868581
491000 188127604
491500 188393856
492000 188655131
492500 188919139
493000 189185019
493500 189453747
494000 189718290
494500 189981464
495000 190250248
495500 190510780
496000 190777874
496500 191039256
497000 191305937
497500 191563146
498000 191819477
498500 192078546
499000 192338722
499500 192601613
500000 192863063
500002 192867302
