0 0
500 157458
1000 318153
1500 484251
2000 661274
2500 843877
3000 1035672
3500 1234003
4000 1435581
4500 1695012
5000 1913159
5500 2135042
6000 2358171
6500 2582878
7000 2815093
7500 3052436
8000 3289395
8500 3529605
9000 3775270
9500 4019225
10000 4265335
10500 4514513
11000 4771428
11500 5028744
12000 5283714
12500 5539795
13000 5854799
13500 6122543
14000 6387324
14500 6654190
15000 6918545
15500 7189722
16000 7458260
16500 7728275
17000 8001952
17500 8276289
18000 8551055
18500 8827327
19000 9108205
19500 9389165
20000 9678588
20500 9961131
21000 10244802
21500 10525990
22000 10810122
22500 11093517
23000 11380154
23500 11668633
24000 11958115
24500 12248840
25000 12541624
25500 12828520
26000 13125705
26500 13418223
27000 13768642
27500 14066427
28000 14359145
28500 14657770
29000 14956381
29500 15254487
30000 15555088
30500 15854383
31000 16155689
31500 16456433
32000 16757083
32500 17060672
33000 17368058
33500 17579562
34000 17609720
34500 17629966
35000 17650102
35500 17670240
36000 17690394
36500 17710515
37000 17730643
37500 17750757
38000 17770880
38500 17791019
39000 17811146
39500 17831271
40000 17851368
40500 17871479
41000 17891592
41500 17911744
42000 17931863
42500 17951985
43000 17972104
43500 17992230
44000 18012327
44500 18032436
45000 18052539
45500 18072644
46000 18092763
46500 18112915
47000 18133037
47500 18153400
48000 18173572
48500 18193692
49000 18213787
49500 18233944
50000 18254063
50500 18274234
51000 18294356
51500 18314533
52000 18334722
52500 18354831
53000 18375015
53500 18395111
54000 18415226
54500 18435396
55000 18455510
55500 18475637
56000 18495731
56500 18515836
57000 18535920
57500 18556020
58000 18576135
58500 18596254
59000 18616371
59500 18636493
60000 18656588
60500 18676692
61000 18696786
61500 18716884
62000 18736997
62500 18757121
63000 18777240
63500 18797364
64000 18817461
64500 18837582
65000 18857670
65500 18877774
66000 18897890
66500 18918015
67000 18999244
67500 19104622
68000 19206916
68500 19309902
69000 19413722
69500 19516860
70000 19620391
70500 19726104
71000 19830711
71500 19934804
72000 20039347
72500 20142752
73000 20248661
73500 20352407
74000 20456902
74500 20561477
75000 20663917
75500 20768869
76000 20871643
76500 20975681
77000 21080052
77500 21183861
78000 21286464
78500 21389169
79000 21490307
79500 21600182
80000 21707196
80500 21812770
81000 21915997
81500 22019891
82000 22120955
82500 22227403
83000 22331852
83500 22434909
84000 22540000
84500 22644287
85000 22749222
85500 22851336
86000 22954607
86500 23058256
87000 23161681
87500 23262979
88000 23367067
88500 23470817
89000 23574311
89500 23677416
90000 23779837
90500 23884406
91000 23989853
91500 24092337
92000 24196854
92500 24300582
93000 24403434
93500 24506052
94000 24611095
94500 24713625
95000 24817315
95500 24920195
96000 25023901
96500 25127022
97000 25231122
97500 25333660
98000 25438221
98500 25542489
99000 25651783
99500 25758177
100000 25863580
100002 25866583
