0 0
500 25905
1000 52548
1500 76864
2000 101197
2500 125537
3000 158976
3500 189826
4000 220931
4500 250170
5000 281039
5500 312463
6000 342795
6500 373812
7000 404467
7500 435753
8000 465392
8500 497590
9000 528267
9500 558813
10000 590123
10500 620742
11000 652073
11500 682621
12000 713271
12500 744513
13000 774982
13500 806340
14000 837872
14500 869216
15000 898775
15500 929309
16000 960491
16500 991300
17000 1022734
17500 1052485
18000 1082909
18500 1111818
19000 1142488
19500 1172851
20000 1203484
20500 1233957
21000 1263549
21500 1293975
22000 1323390
22500 1354053
23000 1384579
23500 1414215
24000 1444570
24500 1475357
25000 1504907
25500 1535645
26000 1565557
26500 1595943
27000 1626606
27500 1656259
28000 1687571
28500 1717414
29000 1747691
29500 1777456
30000 1807823
30500 1837492
31000 1868165
31500 1898597
32000 1928994
32500 1959166
33000 1988184
33500 2017748
34000 2049106
34500 2078810
35000 2110055
35500 2139958
36000 2171150
36500 2201520
37000 2232099
37500 2264741
38000 2295048
38500 2326182
39000 2356760
39500 2388870
40000 2419999
40500 2450417
41000 2481479
41500 2512104
42000 2543263
42500 2574597
43000 2606780
43500 2636712
44000 2667567
44500 2698940
45000 2730494
45500 2763080
46000 2793629
46500 2825150
47000 2855281
47500 2886009
48000 2919524
48500 2950092
49000 2980312
49500 3011403
50000 3042003
50500 100413052
51000 197636345
51500 295256996
52000 392416291
52500 489655481
53000 586958064
53500 684226116
54000 781441338
54500 879060720
55000 976352767
55500 1073560636
56000 1170774262
56500 1267978977
57000 1365620651
57500 1462908558
58000 1560195980
58500 1657431081
59000 1754635427
59500 1852276881
60000 1949475722
60500 2046735642
61000 2143966161
61500 2241172782
62000 2339149619
62500 2436592198
63000 2533947579
63500 2631280912
64000 2728495448
64500 2826294134
65000 2923667590
65500 3020913939
66000 3118099262
66500 3215305575
67000 3312505640
67500 3410130431
68000 3507529759
68500 3604730312
69000 3702015744
69500 3799267572
70000 3896855249
70500 3994144340
71000 4091324560
71500 4188563904
72000 4285787984
72500 4383446089
73000 4480786109
73500 4578076523
74000 4675326340
74500 4772523822
75000 4870122622
75500 4967363133
76000 5064604418
76500 5161817794
77000 5259186110
77500 5356892196
78000 5454079552
78500 5551381542
79000 5648616552
79500 5745788108
80000 5843377199
80500 5940589842
81000 6037816318
81500 6135016833
82000 6232215871
82500 6329411154
83000 6427012364
83500 6524415248
84000 6621670479
84500 6718902357
85000 6816308399
85500 6914093163
86000 7011387767
86500 7108580225
87000 7205767849
87500 7302997651
88000 7400684273
88500 7498074498
89000 7595299094
89500 7692619988
90000 7789795811
90500 7887421290
91000 7984640220
91500 8081835763
92000 8179006234
92500 8276266149
93000 8373864694
93500 8471080518
94000 8568388541
94500 8665683087
95000 8762908270
95500 8860558734
96000 8957814664
96500 9055011464
97000 9152237188
97500 9249413666
98000 9346594000
98500 9444243338
99000 9541568578
99500 9638906082
100000 9736201757
