0 0
500 24717
1000 49911
1500 73775
2000 97565
2500 121314
3000 154327
3500 184569
4000 214664
4500 243272
5000 273333
5500 303939
6000 333864
6500 364643
7000 394690
7500 425453
8000 454940
8500 487064
9000 516610
9500 545989
10000 575860
10500 605290
11000 636132
11500 666440
12000 696011
12500 725881
13000 755166
13500 785882
14000 816316
14500 846390
15000 874862
15500 905101
16000 936367
16500 966786
17000 998520
17500 1029076
18000 1060105
18500 1089367
19000 1119943
19500 1151257
20000 1182579
20500 1213715
21000 1243951
21500 1274321
22000 1304262
22500 1335454
23000 1366564
23500 1396753
24000 1427662
24500 1457996
25000 1488234
25500 1519508
26000 1550730
26500 1581645
27000 1611914
27500 1644695
28000 1676921
28500 1707636
29000 1738774
29500 1768058
30000 1801549
30500 1831945
31000 1862992
31500 1894027
32000 1924431
32500 1958220
33000 1987609
33500 2017957
34000 2050186
34500 2080881
35000 2111797
35500 2144798
36000 2175797
36500 2206075
37000 2236367
37500 2267416
38000 2300304
38500 2331333
39000 2361783
39500 2393803
40000 2423514
40500 2456512
41000 2487793
41500 2518065
42000 2549176
42500 2580939
43000 2613775
43500 2643674
44000 2674086
44500 2705592
45000 2736947
45500 2768481
46000 2801071
46500 2831626
47000 2861423
47500 2892034
48000 2924212
48500 2957391
49000 2988000
49500 3019176
50000 3049779
50500 100417251
51000 197726773
51500 294966460
52000 392524651
52500 489721392
53000 586983330
53500 684329045
54000 781598796
54500 879342649
55000 976585241
55500 1073857059
56000 1171106287
56500 1268312958
57000 1366000626
57500 1463324156
58000 1560559352
58500 1657754545
59000 1755035510
59500 1852913179
60000 1950273746
60500 2047539072
61000 2144855589
61500 2242298282
62000 2339706120
62500 2437475890
63000 2534677424
63500 2631892711
64000 2729218005
64500 2826506391
65000 2924688601
65500 3021899219
66000 3119263430
66500 3216499791
67000 3313735108
67500 3411476954
68000 3508725751
68500 3605964952
69000 3703200504
69500 3800423118
70000 3898107275
70500 3995370114
71000 4092575280
71500 4189857770
72000 4287105726
72500 4384745448
73000 4482054492
73500 4579320675
74000 4676547146
74500 4773775327
75000 4871483639
75500 4968736908
76000 5065980636
76500 5163305431
77000 5260556653
77500 5357830419
78000 5455538218
78500 5552722971
79000 5649892593
79500 5747403203
80000 5844713307
80500 5942441367
81000 6039743899
81500 6136995574
82000 6234404209
82500 6331764499
83000 6429488385
83500 6526754254
84000 6624067418
84500 6721335381
85000 6818639890
85500 6916400731
86000 7013675979
86500 7110996497
87000 7208274457
87500 7305548454
88000 7403180670
88500 7500435936
89000 7597652368
89500 7694895419
90000 7792113769
90500 7889892900
91000 7987254426
91500 8084531913
92000 8181856368
92500 8279091034
93000 8376330143
93500 8473976585
94000 8571231989
94500 8668470942
95000 8765715318
95500 8862988385
96000 8960728982
96500 9057987962
97000 9155283658
97500 9252549483
98000 9349941384
98500 9447641539
99000 9544898048
99500 9642125863
100000 9739440332
