0 0
500 91812
1000 163781
1500 287782
2000 307894
2500 325795
3000 547600
3500 568249
4000 586899
4500 605154
5000 623410
5500 1044747
6000 1066180
6500 1084822
7000 1103583
7500 1121942
8000 1140332
8500 1158797
9000 1177237
9500 1195672
10000 1214264
10500 1232827
11000 2089232
11500 2112562
12000 2131725
12500 2150694
13000 2169553
13500 2188353
14000 2208275
14500 2227360
15000 2246464
15500 2265592
16000 2284483
16500 2303477
17000 2322303
17500 2341097
18000 2360073
18500 2378906
19000 2397948
19500 2416766
20000 2435511
20500 2454625
21000 2473528
21500 2492333
22000 4176912
22500 4201412
23000 4221158
23500 4241090
24000 4260799
24500 4280498
25000 4299909
25500 4319758
26000 4339698
26500 4359236
27000 4378790
27500 4398677
28000 4418481
28500 4437895
29000 4457699
29500 4477432
30000 4496951
30500 4516297
31000 4535856
31500 4555549
32000 4574856
32500 4594635
33000 4614360
33500 4633813
34000 4653401
34500 4673235
35000 4692811
35500 4712209
36000 4731958
36500 4751645
37000 4771194
37500 4790729
38000 4810250
38500 4829959
39000 4849440
39500 4869035
40000 4888695
40500 4908083
41000 4927390
41500 4946974
42000 4966772
42500 4986237
43000 5005755
43500 5025302
44000 8343823
44500 8375669
45000 8395634
45500 8415753
46000 8435264
46500 8455202
47000 8474970
47500 8494830
48000 8514518
48500 8534491
49000 8554468
49500 8574141
50000 8593455
50500 8611863
51000 8629826
51500 8648019
52000 8665971
52500 8684129
53000 8701849
53500 8719686
54000 8737826
54500 8756172
55000 8773869
55500 8791728
56000 8810062
56500 8827928
57000 8845936
57500 8864161
58000 8882259
58500 8900198
59000 8917916
59500 8935045
60000 8952320
60500 8969334
61000 8986501
61500 9003678
62000 9020795
62500 9037833
63000 9054923
63500 9072091
64000 9089401
64500 9106476
65000 9123417
65500 9140460
66000 9157558
66500 9174673
67000 9192022
67500 9209483
68000 9226696
68500 9243967
69000 9261116
69500 9278412
70000 9295419
70500 9312539
71000 9329554
71500 9347016
72000 9364263
72500 9381682
73000 9398736
73500 9415836
74000 9432995
74500 9450124
75000 9467155
75500 9484322
76000 9501509
76500 9518872
77000 9549546
77500 9568848
78000 9586324
78500 9603635
79000 9620954
79500 9638124
80000 9655357
80500 9672479
81000 9689662
81500 9706900
82000 9724148
82500 9741329
83000 9758518
83500 9775781
84000 9793233
84500 9810648
85000 9827666
85500 9844930
86000 9862149
86500 9879593
87000 9896787
87500 9914062
88000 9931424
88500 9948589
89000 9965755
89500 9982901
90000 10000209
90500 10017518
91000 10034848
91500 10052164
92000 10069478
92500 10086662
93000 10103916
93500 10121181
94000 10138290
94500 10155580
95000 10172684
95500 10190131
96000 10207124
96500 10224260
97000 10241695
97500 10258841
98000 10276024
98500 10293221
99000 10310383
99500 10327637
100000 10344764
