0 0
500 602330
1000 3109585
1500 7874519
2000 14547480
2500 23078520
3000 33549481
3500 46225008
4000 60945023
4500 77493434
5000 95940635
5500 116742605
6000 139441112
6500 164461252
7000 191539707
7500 220668733
8000 251831387
8500 285161890
9000 320700544
9500 358237484
10000 397947749
10500 439598357
11000 483327123
11500 529506563
12000 577194887
12500 627356870
13000 679073845
13500 732827683
14000 788587348
14500 846366505
15000 906190001
15500 968038851
16000 1031937130
16500 1097870266
17000 1166185257
17500 1236106739
18000 1308059634
18500 1382021852
19000 1457999956
19500 1536011303
20000 1616578916
20500 1698616591
21000 1782667696
21500 1868752162
22000 1956895134
22500 2047102170
23000 2139782403
23500 2233955160
24000 2330155900
24500 2428468031
25000 2528695239
25500 2631401680
26000 2735695399
26500 2842166429
27000 2950570580
27500 3060973420
28000 3174037526
28500 3288464063
29000 3405003246
29500 3523442174
30000 3644377644
30500 3766850413
31000 3891399189
31500 4017915489
32000 4146981541
32500 4277544721
33000 4410387915
33500 4545382977
34000 4682633779
34500 4821415669
35000 4962286726
35500 5105377240
36000 5250824043
36500 5398006362
37000 5547148241
37500 5698759768
38000 5851970753
38500 6007196328
39000 6164980422
39500 6324245553
40000 6485554614
40500 6649311339
41000 6814618760
41500 6981996096
42000 7152008641
42500 7323642170
43000 7497248197
43500 7673405909
44000 7851350721
44500 8031411084
45000 8214147202
45500 8398503617
46000 8585005731
46500 8773759880
47000 8964906078
47500 9158860867
48000 9354237459
48500 9551772549
49000 9751961145
49500 9953904932
50000 10158030525
50500 10158308187
51000 10159529459
51500 10161901502
52000 10165606004
52500 10169864242
53000 10175114505
53500 10181413553
54000 10188684035
54500 10196924162
55000 10206128424
55500 10216311633
56000 10227652064
56500 10240150617
57000 10253696126
57500 10268239340
58000 10283846839
58500 10300456343
59000 10318141705
59500 10336816168
60000 10356549575
60500 10377289775
61000 10399035589
61500 10421869953
62000 10445740603
62500 10470521326
63000 10496308510
63500 10523097026
64000 10550893944
64500 10579706589
65000 10609558125
65500 10640436620
66000 10672670534
66500 10705523255
67000 10739390723
67500 10774332546
68000 10810233415
68500 10847105379
69000 10884993023
69500 10923886398
70000 10963818361
70500 11004610879
71000 11046422617
71500 11089333745
72000 11133143350
72500 11178354810
73000 11224200363
73500 11271033409
74000 11318958769
74500 11367783121
75000 11417601364
75500 11468440528
76000 11520279139
76500 11573110076
77000 11626959588
77500 11682201708
78000 11738055872
78500 11794908744
79000 11852771431
79500 11911681792
80000 11971557705
80500 12032428768
81000 12094376637
81500 12157270735
82000 12221558286
82500 12286457805
83000 12352408820
83500 12419457390
84000 12487421307
84500 12556335950
85000 12626296270
85500 12697623189
86000 12769597019
86500 12842756310
87000 12916788433
87500 12991783269
88000 13067786212
88500 13144964786
89000 13223359155
89500 13302388698
90000 13382459096
90500 13463565306
91000 13545610122
91500 13628694872
92000 13713174893
92500 13798300201
93000 13884424461
93500 13971618028
94000 14060030585
94500 14149580852
95000 14240389599
95500 14331938064
96000 14424485300
96500 14518050405
97000 14612652095
97500 14708662617
98000 14805341168
98500 14903040936
99000 15001777064
99500 15101615223
100000 15202815702
