0 0
500 41232
1000 80706
1500 117662
2000 154516
2500 195728
3000 235801
3500 273525
4000 310590
4500 347208
5000 383252
5500 421350
6000 460775
6500 497144
7000 533650
7500 571067
8000 607965
8500 647538
9000 683635
9500 721128
10000 758145
10500 793484
11000 833175
11500 870978
12000 908461
12500 944892
13000 980556
13500 1016560
14000 1053680
14500 1091383
15000 1128321
15500 1164753
16000 1253699
16500 1293465
17000 1332807
17500 1370696
18000 1408546
18500 1445448
19000 1483299
19500 1520903
20000 1557855
20500 1594833
21000 1630020
21500 1667988
22000 1704679
22500 1742556
23000 1779101
23500 1814273
24000 1851013
24500 1887953
25000 1924712
25500 1962590
26000 1999476
26500 2034142
27000 2071901
27500 2109705
28000 2147538
28500 2184324
29000 2221254
29500 2257639
30000 2294054
30500 2330824
31000 2369987
31500 2407688
32000 2444905
32500 2482829
33000 2520183
33500 2557097
34000 2594259
34500 2629413
35000 2667617
35500 2703004
36000 2740034
36500 2778595
37000 2815306
37500 2852711
38000 2889861
38500 2927200
39000 2963240
39500 3001127
40000 3040089
40500 3078066
41000 3112352
41500 3147618
42000 3185027
42500 3221715
43000 3260618
43500 3295763
44000 3332526
44500 3367477
45000 3404475
45500 3443246
46000 3480185
46500 3517728
47000 3554608
47500 3592391
48000 3631103
48500 3667919
49000 3704585
49500 3739825
50000 3775124
50500 4546637
51000 4570654
51500 4592257
52000 4613698
52500 4635169
53000 4656757
53500 4678014
54000 4699462
54500 4720862
55000 4742494
55500 4764120
56000 4785531
56500 4806899
57000 4828588
57500 4850347
58000 4871881
58500 4893479
59000 4915186
59500 4937344
60000 4958839
60500 4980704
61000 5002303
61500 5024274
62000 5045720
62500 5067340
63000 5088895
63500 5110711
64000 5132150
64500 5153689
65000 5175345
65500 5197331
66000 5218976
66500 5248161
67000 5272010
67500 5294293
68000 5315697
68500 5337342
69000 5359029
69500 5380547
70000 5402046
70500 5423549
71000 5445042
71500 5467165
72000 5489630
72500 5511354
73000 5532764
73500 5554516
74000 5576287
74500 5597891
75000 5619410
75500 5641399
76000 5663573
76500 5685653
77000 5707463
77500 5729389
78000 5751232
78500 5772991
79000 5794217
79500 5815902
80000 5837511
80500 5859495
81000 5881087
81500 5903006
82000 5925312
82500 5946932
83000 5968476
83500 5990441
84000 6012690
84500 6034593
85000 6056575
85500 6078606
86000 6100883
86500 6122949
87000 6144336
87500 6166155
88000 6188151
88500 6210000
89000 6231603
89500 6253342
90000 6275391
90500 6297753
91000 6320330
91500 6342377
92000 6364331
92500 6385873
93000 6407697
93500 6429222
94000 6451051
94500 6473457
95000 6495173
95500 6517015
96000 6538952
96500 6560829
97000 6582510
97500 6604094
98000 6626002
98500 6647528
99000 6669431
99500 6691154
100000 6712294
