0 0
500 19885
1000 36749
1500 55505
2000 64422
2500 88629
3000 99146
3500 108929
4000 117398
4500 154812
5000 165871
5500 175823
6000 185855
6500 195495
7000 204688
7500 213908
8000 223192
8500 289040
9000 300461
9500 310456
10000 320170
10500 329413
11000 338569
11500 347872
12000 358043
12500 367825
13000 377242
13500 386991
14000 396628
14500 406076
15000 414336
15500 424961
16000 434635
16500 554758
17000 568713
17500 578703
18000 588470
18500 597524
19000 606860
19500 616064
20000 625174
20500 635146
21000 644495
21500 655555
22000 665387
22500 674938
23000 684387
23500 693866
24000 703995
24500 713425
25000 723246
25500 731649
26000 740816
26500 750168
27000 759389
27500 768565
28000 778536
28500 787692
29000 797287
29500 807459
30000 816558
30500 825655
31000 834977
31500 845253
32000 854890
32500 864439
33000 1091323
33500 1104330
34000 1114456
34500 1124615
35000 1134012
35500 1143268
36000 1152477
36500 1161705
37000 1171201
37500 1180409
38000 1190161
38500 1199385
39000 1208686
39500 1218027
40000 1227157
40500 1236430
41000 1245653
41500 1255612
42000 1264945
42500 1274227
43000 1283514
43500 1293056
44000 1302516
44500 1313325
45000 1323329
45500 1332695
46000 1341974
46500 1351236
47000 1359393
47500 1368550
48000 1377902
48500 1387184
49000 1397149
49500 1406419
50000 1416000
50500 1448500
51000 1479332
51500 1510302
52000 1541331
52500 1572176
53000 1603083
53500 1634674
54000 1665217
54500 1695866
55000 1727270
55500 1758457
56000 1789940
56500 1822787
57000 1853584
57500 1884782
58000 1916730
58500 1948421
59000 1979138
59500 2010994
60000 2042149
60500 2073784
61000 2106402
61500 2137869
62000 2170364
62500 2205159
63000 2236191
63500 2267336
64000 2299498
64500 2331001
65000 2362592
65500 2394850
66000 2428110
66500 2461510
67000 2494674
67500 2529154
68000 2565994
68500 2602791
69000 2638089
69500 2670243
70000 2701993
70500 2734264
71000 2767047
71500 2800363
72000 2833732
72500 2866269
73000 2899470
73500 2933806
74000 2967253
74500 3001650
75000 3038724
75500 3069941
76000 3101071
76500 3133053
77000 3164788
77500 3196694
78000 3229502
78500 3260896
79000 3292161
79500 3324871
80000 3357513
80500 3391638
81000 3424643
81500 3457737
82000 3489865
82500 3522193
83000 3555075
83500 3587731
84000 3620898
84500 3654996
85000 3690414
85500 3723715
86000 3756825
86500 3789997
87000 3824109
87500 3860286
88000 3902932
88500 3939781
89000 3974200
89500 4005875
90000 4038113
90500 4071053
91000 4102879
91500 4134943
92000 4168115
92500 4201281
93000 4234317
93500 4267840
94000 4302201
94500 4334725
95000 4367123
95500 4400849
96000 4434532
96500 4468410
97000 4503919
97500 4540492
98000 4577429
98500 4616555
99000 4652529
99500 4690177
100000 4731017
