0 0
500 58159
1000 101616
1500 139317
2000 176144
2500 212818
3000 249004
3500 289652
4000 325431
4500 362342
5000 400220
5500 435958
6000 472980
6500 513399
7000 549910
7500 585444
8000 621668
8500 658390
9000 699167
9500 736502
10000 772663
10500 806229
11000 840498
11500 875843
12000 911579
12500 945727
13000 1030368
13500 1066508
14000 1100486
14500 1137799
15000 1172294
15500 1206813
16000 1240462
16500 1274325
17000 1309845
17500 1348067
18000 1382818
18500 1415713
19000 1449758
19500 1484168
20000 1517696
20500 1555827
21000 1590047
21500 1623792
22000 1656720
22500 1690680
23000 1727100
23500 1762417
24000 1797157
24500 1831426
25000 1865689
25500 1900607
26000 1936115
26500 1970846
27000 2004737
27500 2038976
28000 2073129
28500 2109240
29000 2144347
29500 2178636
30000 2212984
30500 2246703
31000 2282561
31500 2317762
32000 2351770
32500 2384982
33000 2418631
33500 2454248
34000 2488075
34500 2523199
35000 2558146
35500 2591571
36000 2624749
36500 2660251
37000 2694749
37500 2729928
38000 2763765
38500 2798080
39000 2833985
39500 2867338
40000 2902875
40500 2936781
41000 2971001
41500 3006627
42000 3041042
42500 3074586
43000 3110269
43500 3143053
44000 3178156
44500 3212946
45000 3247196
45500 3281522
46000 3316907
46500 3351698
47000 3386810
47500 3420275
48000 3454308
48500 3489823
49000 3525560
49500 3561002
50000 3594660
50500 3610206
51000 3624464
51500 3638242
52000 3651985
52500 3666059
53000 3680020
53500 3693828
54000 3707130
54500 3720889
55000 3734439
55500 3748609
56000 3762079
56500 3775914
57000 3789214
57500 3803166
58000 3817281
58500 3831441
59000 3845355
59500 3859092
60000 3872492
60500 3885432
61000 3897207
61500 3909291
62000 3921082
62500 3933261
63000 3945279
63500 3957420
64000 3969770
64500 3981213
65000 3992596
65500 4004696
66000 4017078
66500 4028436
67000 4041083
67500 4053021
68000 4065254
68500 4077191
69000 4089047
69500 4100438
70000 4111737
70500 4122607
71000 4132897
71500 4142995
72000 4153392
72500 4163627
73000 4173856
73500 4184156
74000 4194572
74500 4204920
75000 4215807
75500 4226555
76000 4237379
76500 4247716
77000 4258325
77500 4269096
78000 4279718
78500 4289879
79000 4300354
79500 4310840
80000 4321567
80500 4331119
81000 4340496
81500 4349872
82000 4359261
82500 4368567
83000 4377875
83500 4387474
84000 4396850
84500 4406230
85000 4415566
85500 4424850
86000 4434522
86500 4444132
87000 4453531
87500 4462902
88000 4472202
88500 4481587
89000 4490861
89500 4500166
90000 4509570
90500 4518124
91000 4526516
91500 4535025
92000 4543536
92500 4551889
93000 4560335
93500 4568921
94000 4577406
94500 4585906
95000 4594336
95500 4602770
96000 4611267
96500 4619685
97000 4628106
97500 4636483
98000 4644916
98500 4653440
99000 4661978
99500 4670400
100000 4678777
