0 0
500 73913
1000 159491
1500 252577
2000 346230
2500 446934
3000 548635
3500 650024
4000 751932
4500 865790
5000 982736
5500 1100104
6000 1217080
6500 1333663
7000 1450265
7500 1567950
8000 1685262
8500 1812732
9000 1945895
9500 2079465
10000 2213619
10500 2348461
11000 2481649
11500 2615366
12000 2749596
12500 2883430
13000 3017367
13500 3150886
14000 3285847
14500 3420207
15000 3553696
15500 3687269
16000 3822046
16500 4018927
17000 4192152
17500 4362427
18000 4532929
18500 4707079
19000 4882978
19500 5052227
20000 5220905
20500 5391490
21000 5563226
21500 5733718
22000 5904281
22500 6074256
23000 6246042
23500 6416936
24000 6586772
24500 6757973
25000 6929210
25500 7115805
26000 7289971
26500 7476336
27000 7653756
27500 7838489
28000 8021310
28500 8207929
29000 8394690
29500 8587751
30000 8765592
30500 8935517
31000 9107086
31500 9278298
32000 9448904
32500 9620327
33000 9803686
33500 10001836
34000 10198829
34500 10397912
35000 10599046
35500 10798317
36000 10994085
36500 11192550
37000 11392564
37500 11596359
38000 11810367
38500 12016623
39000 12235777
39500 12436085
40000 12654491
40500 12855144
41000 13074842
41500 13315472
42000 13565641
42500 13805305
43000 14054581
43500 14295147
44000 14543498
44500 14784470
45000 15032563
45500 15270803
46000 15519428
46500 15758006
47000 16010161
47500 16251591
48000 16497458
48500 16740001
49000 16985261
49500 17234366
50000 17486739
50500 17541196
51000 17592644
51500 17644041
52000 17694024
52500 17743350
53000 17792555
53500 17842724
54000 17889845
54500 17940133
55000 17988895
55500 18038474
56000 18087583
56500 18136793
57000 18184519
57500 18233578
58000 18281850
58500 18330778
59000 18379906
59500 18430071
60000 18478787
60500 18527608
61000 18574609
61500 18624054
62000 18672569
62500 18720980
63000 18769751
63500 18817570
64000 18866236
64500 18917019
65000 18965297
65500 19013981
66000 19059129
66500 19108671
67000 19167811
67500 19227336
68000 19286389
68500 19346060
69000 19404950
69500 19464625
70000 19524331
70500 19585990
71000 19646924
71500 19707622
72000 19768439
72500 19829881
73000 19896311
73500 19959226
74000 20021392
74500 20083946
75000 20145305
75500 20207050
76000 20267262
76500 20327798
77000 20387419
77500 20449165
78000 20510279
78500 20572604
79000 20634177
79500 20694666
80000 20753779
80500 20813199
81000 20872945
81500 20931740
82000 20992126
82500 21055151
83000 21111775
83500 21160515
84000 21210650
84500 21260025
85000 21309456
85500 21357870
86000 21408470
86500 21458709
87000 21507331
87500 21555867
88000 21605238
88500 21653103
89000 21700036
89500 21747290
90000 21796871
90500 21844550
91000 21892145
91500 21938640
92000 21986186
92500 22033609
93000 22081860
93500 22129395
94000 22178952
94500 22228817
95000 22279652
95500 22327148
96000 22377181
96500 22427351
97000 22478521
97500 22525911
98000 22575779
98500 22634858
99000 22696524
99500 22758953
100000 22818804
